10
30 17
2 81 31 32
37 78 30 32
57 58 7 76
69 69 29 76
18 88 37 38
10 54 68 68
15 65 44 45
82 82 43 88
2 3 59 59
15 15 7 83
21 82 20 22
81 82 5 80
35 36 48 48
33 33 11 50
58 58 25 69
72 72 4 78
33 33 1 90
30 17
1 61 1 90
7 47 1 68
25 73 61 89
16 89 5 83
1 89 15 78
6 56 2 56
2 90 1 85
1 55 18 60
52 87 22 70
12 83 8 83
41 77 36 68
49 50 33 75
11 86 9 80
12 76 21 84
5 64 1 57
2 46 30 48
7 33 52 66
30 17
45 83 33 34
86 86 5 86
55 56 9 68
65 68 6 55
6 6 62 64
39 40 33 33
1 79 19 24
46 85 3 4
6 6 1 90
35 36 36 76
65 68 35 77
6 6 20 87
6 6 87 89
23 83 8 12
20 64 42 43
75 75 4 90
75 76 78 82
30 17
1 61 1 90
30 56 1 28
3 60 2 63
9 90 6 90
29 78 13 87
71 88 5 67
35 87 3 90
7 86 18 78
17 78 63 70
23 70 10 75
9 12 3 88
60 78 19 80
21 44 6 46
34 50 5 63
2 77 4 54
33 80 3 43
7 35 26 79
30 17
90 90 18 18
61 61 58 58
48 48 21 88
25 25 15 79
67 67 4 78
20 89 89 89
77 77 5 80
59 59 13 87
31 31 32 32
40 88 18 18
29 29 42 42
29 29 54 54
65 65 72 72
75 75 68 68
29 29 3 90
57 57 9 69
29 29 34 34
30 17
1 61 1 90
9 86 3 66
9 88 2 66
4 66 24 73
20 81 5 73
30 69 1 81
31 87 10 81
6 65 1 81
17 86 4 82
38 82 4 56
5 89 21 88
28 85 9 90
1 58 2 89
25 90 22 84
4 65 70 78
43 90 9 89
1 70 46 82
30 17
80 80 5 44
63 63 32 67
2 85 87 88
68 68 77 77
1 1 20 21
89 90 9 88
63 64 18 18
1 78 59 61
22 89 82 85
19 19 37 83
33 78 87 87
10 73 33 34
20 88 67 67
86 86 17 17
80 81 83 83
32 32 28 79
75 76 39 42
30 17
1 61 1 90
2 79 45 71
30 72 46 62
16 90 5 67
9 48 21 89
24 33 14 69
8 84 12 80
6 41 18 66
18 60 4 72
23 59 25 90
7 21 21 24
52 78 1 66
1 90 5 80
32 80 41 79
8 90 11 67
9 89 11 62
53 84 13 90
30 17
32 32 36 37
8 83 30 30
5 89 35 38
89 89 19 77
1 89 87 88
30 71 52 52
7 78 78 78
70 71 2 2
32 67 47 48
11 63 77 80
81 84 2 87
14 71 52 52
29 89 46 46
32 34 45 84
7 63 77 77
21 27 47 48
75 76 2 88
30 17
1 61 1 90
22 59 12 63
6 49 10 88
38 78 12 32
2 90 26 71
4 88 1 58
15 77 1 64
2 65 8 90
14 85 26 68
14 89 3 89
70 88 16 88
46 59 12 74
13 79 3 88
22 73 5 83
52 89 12 29
1 67 41 64
30 51 14 62
