38 90
0
0
3 37
1 18 36
1 40 38
1 34 33
1 1 29
1 39 39
1 33 34
1 38 14
1 36 15
1 15 37
3 33
3 40
1 40 24
1 40 40
3 38
3 38
3 35
1 40 14
1 24 23
1 10 39
2 3
0
3 34
4 806186
1 40 33
1 37 33
1 32 25
4 977931
3 5
3 17
1 5 40
1 4 40
1 23 8
1 8 21
4 925603
0
9 30
1 23
1 33
26 35
31 32
11 21
27 29
3 23
27 34
31 33
36 37
8 13
12 13
6 10
1 15
4 7
10 35
13 14
29 38
20 22
20 28
2 30
25 38
32 35
17 29
34 35
6 22
1 17
22 24
1 2
32 34
6 21
26 27
1 29
15 20
25 26
1 5
35 36
2 8
1 30
17 20
8 18
3 5
9 12
37 38
14 22
1 3
33 38
33 35
4 38
9 13
24 29
30 38
5 6
21 26
3 16
25 29
26 29
1 8
23 30
16 18
18 28
17 18
3 24
23 35
1 6
7 10
4 16
30 31
15 25
12 17
20 37
5 18
1 19
9 24
11 14
1 10
3 4
30 37
10 21
32 33
21 36
23 25
1 11
1 24
18 19
19 27
28 30
1 21
8 9
