183 1834
0
2 36
2 200
2 127
2 85
2 151
2 200
3 156
2 177
2 17
3 4
2 185
3 186
0
4 601656
3 200
2 68
3 27
0
2 67
4 1000000
3 72
2 14
2 150
2 152
2 200
3 32
3 30
0
3 47
3 171
3 177
2 153
2 172
2 21
4 1000000
3 200
3 18
4 1000000
2 150
2 19
3 1
2 20
2 24
4 472521
3 200
2 87
4 549155
4 1000000
2 107
2 137
2 29
3 166
3 160
3 167
3 199
2 200
0
4 295084
3 185
2 88
2 5
2 179
2 200
2 159
2 71
3 178
3 170
2 194
2 56
3 171
2 8
2 200
2 200
2 200
2 140
2 174
3 200
3 150
2 172
3 157
3 40
3 186
3 76
2 196
3 163
2 81
4 903063
4 284684
2 179
3 175
4 951543
4 963898
0
2 165
2 36
2 68
2 13
2 84
2 85
2 81
3 139
2 200
3 161
3 200
4 934678
3 200
2 70
3 168
0
0
3 150
2 137
3 171
3 158
2 194
3 154
2 200
3 69
2 156
3 200
0
2 113
2 47
2 63
2 115
3 11
2 61
2 124
4 827502
2 162
2 144
2 4
2 198
3 74
2 45
3 162
2 36
3 114
3 116
0
3 200
2 71
0
2 200
2 189
3 22
3 112
2 186
2 185
2 179
2 130
3 7
2 200
2 193
2 200
2 200
2 157
3 200
2 191
0
2 200
2 166
3 156
3 200
3 149
3 3
2 200
2 193
0
2 200
0
4 848808
2 191
3 37
2 69
2 172
4 1000000
3 190
2 20
3 172
3 8
0
49 141
13 96
9 120
42 57
19 180
80 110
74 106
4 103
73 77
140 147
129 163
64 66
75 109
63 125
26 109
67 156
70 124
55 83
89 136
4 97
147 151
69 183
16 42
35 103
41 118
60 153
124 128
47 50
87 162
136 168
128 174
31 45
1 85
92 144
77 153
125 176
73 176
56 64
4 168
33 73
81 124
61 142
97 154
1 22
138 147
8 152
74 169
49 183
73 95
47 137
57 149
23 147
2 100
2 66
95 131
106 143
1 2
44 48
16 169
13 26
78 163
60 167
74 102
56 123
40 98
23 80
65 162
113 132
163 171
9 10
21 135
112 165
3 180
34 131
16 21
167 173
7 16
77 122
101 102
37 47
9 61
42 136
57 61
29 107
50 60
1 139
7 149
14 84
99 174
97 105
32 70
17 57
55 100
81 174
53 55
48 113
1 31
4 154
50 62
122 160
143 169
96 143
50 130
18 23
81 85
7 8
53 62
7 49
63 131
68 137
14 90
106 110
37 178
6 59
44 61
65 106
85 90
119 129
91 95
9 122
7 155
29 81
49 80
143 144
84 88
174 183
102 183
140 183
61 181
130 131
51 85
29 40
40 179
81 177
68 82
27 110
28 30
107 163
125 170
134 183
43 52
1 104
39 92
75 106
43 165
13 28
37 160
109 119
22 26
154 155
95 105
123 132
78 88
128 147
50 144
133 140
3 166
31 49
15 140
69 71
60 80
176 182
164 174
156 183
49 164
117 177
84 102
142 181
35 64
164 168
39 128
103 183
32 109
73 74
8 18
36 95
66 110
61 183
1 76
63 147
63 182
145 150
89 140
159 176
41 99
3 7
1 91
137 171
30 137
52 55
29 149
10 111
19 147
81 149
38 131
64 130
44 183
130 168
3 10
19 33
32 97
71 176
5 147
35 179
97 127
115 145
1 102
64 144
24 99
22 123
41 101
104 110
2 3
149 175
54 69
116 144
47 94
107 151
64 99
130 138
126 158
15 111
13 183
86 142
134 137
91 137
25 76
118 133
90 96
71 182
61 68
9 166
30 66
44 47
28 91
98 100
73 83
105 107
120 151
70 161
16 22
60 72
21 42
77 105
72 135
25 53
40 88
142 177
70 151
72 106
23 38
24 25
29 36
9 115
81 162
36 145
26 177
63 120
117 129
33 183
98 129
18 64
132 144
55 108
22 92
155 166
23 76
1 27
71 77
120 169
24 162
4 112
41 85
77 80
65 183
9 180
150 151
90 138
32 34
53 178
2 102
6 29
58 68
4 131
44 99
35 67
1 124
20 132
74 180
120 141
75 76
55 137
2 23
62 132
98 120
150 153
49 176
47 131
6 7
52 86
144 182
17 159
28 68
114 157
180 182
16 91
141 165
88 183
23 56
89 164
41 112
40 165
32 73
46 92
127 145
139 143
41 109
87 178
18 61
63 148
71 106
47 48
176 178
2 37
67 181
28 44
68 100
126 141
71 83
124 151
79 168
53 158
74 130
80 129
94 163
43 67
11 172
110 128
47 56
25 165
28 39
45 99
12 175
77 98
54 157
76 82
44 136
2 141
52 62
66 76
68 147
7 111
181 183
43 114
42 176
4 166
55 57
73 143
117 130
60 181
12 82
5 183
33 49
67 155
10 35
10 60
95 166
16 151
147 178
16 162
57 135
4 133
16 28
143 161
69 128
52 134
169 180
24 135
108 150
105 179
35 177
37 50
16 48
7 44
36 69
74 85
124 126
56 104
48 74
18 51
76 86
78 165
23 111
12 30
138 171
121 158
15 41
90 116
106 175
1 176
23 146
31 137
60 121
69 76
18 38
46 114
124 158
31 95
115 179
1 5
25 183
93 149
83 158
87 164
41 121
34 88
74 126
29 175
75 119
163 164
136 142
160 161
161 179
39 56
3 87
65 149
109 112
61 81
113 120
118 159
110 111
6 55
71 178
26 163
59 111
146 148
9 74
29 34
15 139
10 69
85 140
8 109
49 63
26 95
100 103
132 165
144 163
32 38
75 97
51 146
45 74
86 176
2 18
2 99
114 134
49 132
7 161
20 81
63 82
16 105
55 161
145 183
60 136
34 143
52 63
33 53
173 174
53 157
120 125
85 155
61 151
1 174
1 140
85 107
134 138
50 56
1 181
90 163
8 57
142 145
26 133
74 127
98 115
72 75
11 109
14 64
15 141
8 66
47 134
48 181
69 94
168 169
75 167
36 101
122 164
80 181
65 68
146 164
130 149
21 161
59 153
61 113
62 63
35 53
113 116
38 111
128 183
27 29
107 145
31 171
5 50
76 95
27 100
106 140
50 131
29 129
6 94
26 83
75 81
16 164
58 144
6 173
40 61
31 168
13 109
23 82
24 95
29 45
121 122
79 103
29 120
20 109
33 74
2 27
3 5
39 130
161 173
72 73
4 167
122 174
79 150
57 137
110 121
30 122
1 147
38 69
31 71
26 183
132 183
178 179
102 134
100 132
79 169
78 176
24 39
104 145
36 65
51 96
114 120
94 96
60 88
100 154
109 129
105 106
88 132
83 103
136 169
72 157
5 24
143 158
132 177
9 162
1 72
115 125
2 34
51 53
82 94
132 159
53 183
50 100
29 171
1 171
96 148
105 109
65 132
19 62
84 171
111 113
37 49
58 106
164 171
68 71
53 60
57 141
157 163
148 179
26 158
6 16
43 147
57 73
155 180
35 83
76 155
123 181
142 163
100 159
89 91
93 126
79 121
11 116
2 155
53 167
30 179
151 177
23 163
23 34
84 92
161 181
47 169
121 153
153 171
8 9
6 105
84 169
152 183
10 34
139 165
48 118
39 54
9 52
83 88
172 173
154 159
82 87
7 22
96 109
86 157
70 73
7 131
94 183
6 116
160 166
80 122
144 149
6 123
45 56
54 126
36 123
77 79
1 154
161 183
9 178
103 174
107 111
69 125
100 157
163 168
6 36
22 69
107 136
34 40
81 181
46 51
45 75
15 49
29 41
3 62
60 62
103 128
110 122
39 62
48 149
1 9
121 135
37 61
141 142
14 125
5 53
152 156
119 142
39 52
53 107
72 132
80 89
20 150
23 183
54 101
97 183
6 118
36 173
1 67
33 179
5 131
33 165
42 114
43 61
95 175
15 55
8 54
70 118
146 150
58 137
33 45
13 33
69 70
124 168
81 178
47 150
35 78
82 95
99 113
74 158
12 101
152 157
131 173
43 63
48 165
69 179
3 83
53 83
67 112
54 134
23 79
45 58
29 99
99 104
106 111
68 156
135 142
12 114
73 183
81 165
116 170
91 118
94 165
11 13
86 101
68 90
7 64
95 97
11 140
64 169
23 124
51 168
39 169
58 148
55 153
31 91
84 87
138 140
19 59
2 13
99 142
73 134
125 133
35 99
13 51
30 112
69 89
85 131
72 77
110 173
15 46
105 128
127 139
60 180
150 159
11 40
44 93
18 150
100 137
93 148
4 98
5 58
141 143
150 155
59 100
87 150
101 149
63 170
33 58
8 121
16 157
87 89
1 84
95 155
76 77
3 169
118 158
35 150
137 149
41 56
52 178
116 117
45 167
46 99
126 175
55 80
50 166
140 155
161 167
12 77
12 106
127 133
33 69
28 77
57 76
40 100
84 144
20 86
23 53
84 114
16 34
118 139
38 57
133 138
88 133
33 65
120 147
12 172
32 118
97 169
82 109
8 90
21 65
39 47
62 118
12 167
7 56
127 153
157 169
28 142
177 182
105 147
28 95
140 154
156 160
9 33
12 17
10 143
46 145
148 157
22 83
8 96
67 102
61 152
72 78
31 173
1 36
165 168
61 159
25 34
47 51
31 39
112 141
33 137
6 130
72 130
104 136
111 176
123 161
39 175
8 100
1 152
15 168
95 117
11 24
34 113
43 72
109 113
168 177
13 137
162 177
67 183
21 58
56 87
72 122
1 12
64 104
15 122
47 78
4 119
12 13
71 157
54 183
84 116
145 162
123 133
148 162
122 134
91 132
66 139
22 125
25 44
50 116
4 134
94 98
15 173
50 105
3 173
15 166
60 178
113 153
9 100
112 138
3 142
98 101
94 133
171 182
25 54
48 53
78 182
33 160
166 173
129 153
114 153
97 104
91 116
81 96
94 170
41 42
38 152
40 96
62 145
39 166
96 152
43 132
21 100
10 36
29 127
56 135
101 162
80 132
2 67
40 82
126 131
19 20
127 142
46 132
58 63
148 183
17 171
22 131
69 148
76 100
18 102
95 160
2 6
116 121
126 154
112 129
20 23
108 146
25 112
2 170
49 56
54 135
53 79
12 120
148 155
23 143
116 124
113 175
129 145
18 92
75 147
23 72
48 54
97 132
4 58
57 120
15 136
8 20
132 135
78 158
10 17
18 71
25 50
49 113
89 102
14 17
67 73
107 176
36 83
80 82
8 145
46 156
82 83
65 71
1 96
98 124
104 106
48 103
116 126
51 61
58 65
156 166
15 106
10 16
68 138
21 59
3 160
71 88
24 137
162 183
110 120
23 180
175 178
101 134
8 131
53 92
81 99
74 81
69 84
16 103
59 107
24 89
13 132
57 150
102 105
11 56
90 149
69 127
9 131
59 127
132 151
9 147
17 136
169 172
10 22
76 134
1 44
35 161
62 175
78 82
2 165
24 156
37 157
84 85
58 115
66 159
18 176
1 127
26 168
70 107
4 77
43 158
5 74
8 127
159 163
123 138
19 86
51 137
120 121
14 62
28 151
36 68
15 120
88 176
82 86
9 124
55 124
145 158
97 123
66 72
12 173
48 93
90 133
44 176
31 117
158 166
83 153
15 174
98 156
27 40
95 108
20 164
130 146
45 115
44 169
81 168
45 171
41 98
88 177
102 168
25 67
29 124
170 171
147 169
39 151
105 173
86 128
68 135
100 169
73 148
136 143
91 102
19 108
92 178
116 136
114 116
52 58
151 157
101 122
8 76
50 96
38 155
55 61
123 131
46 182
16 36
84 162
112 137
60 164
31 153
34 78
73 165
25 96
28 40
31 46
97 99
32 96
133 160
19 132
33 99
134 167
34 166
93 144
52 136
86 121
10 183
28 138
47 61
13 48
76 148
31 90
21 92
37 91
182 183
12 111
79 154
16 32
34 69
29 103
28 154
115 116
19 97
48 114
21 146
108 129
108 125
1 129
10 163
33 119
13 78
110 141
11 91
50 157
76 140
4 5
5 72
82 134
8 137
66 105
51 122
111 118
26 176
47 54
25 31
6 75
63 180
138 179
109 128
27 154
92 121
13 126
109 114
136 147
35 95
155 167
42 167
74 77
88 98
71 80
114 145
82 151
4 33
44 55
40 55
64 178
26 72
67 104
1 25
74 76
79 131
30 48
76 92
158 183
5 110
16 127
108 120
95 143
15 144
9 87
7 10
4 56
46 64
15 94
121 152
145 159
72 93
97 176
35 126
40 41
69 105
21 155
14 133
12 57
16 87
90 91
4 49
2 4
20 54
11 62
146 153
55 139
68 97
96 128
20 73
100 101
122 156
10 18
19 22
39 50
56 170
17 82
58 59
9 66
86 87
87 170
22 156
131 145
66 107
5 57
38 87
113 147
24 30
12 84
34 132
19 174
120 172
164 175
56 63
11 66
99 114
6 158
74 93
108 183
32 85
27 140
36 125
67 139
179 181
103 115
131 133
39 63
39 116
39 40
87 99
11 137
30 46
64 140
94 134
50 138
3 42
60 92
58 132
36 177
1 122
144 172
25 26
73 107
138 160
36 149
143 170
82 180
59 152
143 147
106 109
67 93
115 118
15 28
52 162
10 20
40 132
117 120
114 132
48 50
23 40
11 154
17 114
27 129
80 100
112 114
155 160
102 173
67 122
94 144
63 137
70 168
6 140
17 71
45 81
77 168
137 142
48 156
14 80
25 79
24 75
15 35
2 148
55 122
31 74
79 176
86 126
135 136
64 74
39 141
105 117
7 169
15 99
8 23
2 122
1 128
15 104
44 73
165 166
69 104
81 83
143 152
45 63
143 145
90 155
110 166
62 66
59 136
78 135
78 89
43 149
33 68
25 180
79 127
29 68
58 93
133 136
124 183
46 87
108 153
15 156
38 129
11 72
40 59
3 27
51 169
1 70
91 173
56 162
92 183
57 136
85 97
40 168
117 180
11 150
56 57
3 122
28 32
99 183
36 183
31 120
37 54
168 171
98 131
24 26
125 183
108 111
80 85
159 167
34 41
63 145
113 122
100 119
64 116
3 21
21 127
55 88
10 62
87 154
26 74
65 82
54 118
105 119
31 63
9 27
36 42
14 78
58 172
9 48
10 144
48 49
17 183
38 113
64 131
10 169
80 137
93 135
48 72
31 34
89 92
38 167
22 140
145 146
17 39
83 114
89 152
138 178
81 103
44 63
142 153
137 151
102 125
42 172
12 64
124 169
68 72
88 175
15 135
77 182
118 122
83 169
6 79
26 91
65 115
126 179
28 35
4 123
56 91
93 101
95 182
56 114
35 36
6 90
29 79
62 183
76 175
1 14
119 152
34 79
53 112
70 173
125 171
24 170
113 117
45 55
60 64
36 52
162 172
116 118
2 166
47 158
107 119
34 54
53 127
91 178
43 44
110 169
54 65
20 122
24 59
77 133
102 115
14 178
119 182
12 42
64 183
32 110
71 125
73 103
43 97
16 52
24 113
106 132
26 28
10 176
11 35
123 142
45 120
79 130
105 113
72 121
111 126
140 171
167 183
130 171
5 124
73 124
121 130
171 183
51 144
18 56
84 183
83 150
126 166
107 143
7 53
92 135
10 15
23 70
36 79
12 137
31 176
90 118
146 154
35 114
75 78
157 182
15 26
17 64
96 140
28 80
129 140
23 33
49 168
97 109
10 151
22 174
149 169
44 115
40 159
117 154
13 89
34 36
12 90
81 110
35 37
10 29
16 120
77 81
111 174
90 125
24 124
60 74
79 93
104 181
1 43
26 65
36 176
65 94
18 155
55 65
113 173
12 47
96 126
63 116
122 136
64 168
98 109
161 177
89 108
30 59
169 173
58 141
1 24
112 156
169 170
1 120
25 100
15 142
32 178
57 83
146 177
28 54
43 172
104 117
73 167
18 106
2 135
12 164
83 159
36 137
31 146
69 110
52 170
141 153
179 180
74 105
71 147
116 159
1 116
61 131
35 96
25 75
102 133
38 145
98 157
149 174
23 39
73 121
105 140
47 95
42 155
135 141
62 71
142 150
11 64
1 170
180 181
138 148
53 160
99 106
1 134
83 180
64 141
124 172
13 161
141 144
6 99
81 136
31 116
5 69
44 114
145 180
89 90
63 85
53 105
1 50
63 167
64 65
103 108
61 122
1 164
113 167
22 113
25 98
55 64
129 143
69 145
80 182
80 183
142 143
91 163
122 183
2 154
45 159
16 100
26 126
63 183
100 105
57 58
178 180
83 120
64 102
123 162
2 29
63 136
66 102
41 52
42 44
80 159
39 139
96 127
130 151
69 79
110 123
38 95
162 166
24 27
3 6
57 156
141 146
26 64
30 37
99 110
38 47
22 164
49 144
4 55
16 166
15 183
20 159
23 81
60 61
90 114
84 89
23 154
71 142
25 150
51 143
166 171
59 115
46 126
25 118
4 180
59 70
70 181
33 42
5 152
40 74
119 163
51 71
137 180
9 64
170 179
55 154
108 155
75 82
47 60
110 160
106 147
68 136
5 113
13 19
98 103
40 171
11 134
21 22
25 28
25 27
8 138
62 122
21 137
39 83
70 74
41 65
177 178
114 127
57 140
130 136
36 39
14 52
19 44
83 164
39 120
104 111
18 154
32 169
26 103
102 103
70 114
79 183
74 178
22 48
8 102
79 173
38 93
60 128
57 107
123 148
1 45
26 29
61 111
96 132
68 84
74 125
5 49
9 11
22 87
18 97
19 38
29 106
7 178
27 49
28 125
18 20
103 140
149 170
148 167
96 179
15 182
167 175
13 85
118 123
72 173
40 143
44 139
49 103
102 110
32 81
103 167
143 149
159 183
21 168
29 54
47 107
70 76
120 122
170 183
26 155
21 169
48 60
118 141
1 160
85 89
27 48
68 161
111 170
53 128
16 165
21 40
73 91
78 123
71 148
21 37
63 121
174 176
7 68
36 175
61 121
28 85
91 103
1 107
1 180
70 144
117 125
69 115
71 145
80 128
40 155
36 43
48 174
155 165
68 99
149 157
163 165
112 178
