77 76
0
1 56 7
2 80
1 77 9
3 77
4 977421
1 70 80
2 38
1 29 58
2 60
1 65 3
3 73
1 77 73
3 80
2 13
2 72
3 65
3 62
0
1 80 62
3 62
1 75 45
2 72
1 69 28
3 65
1 65 36
1 41 65
2 59
2 9
1 42 80
1 64 50
3 48
1 71 48
1 47 74
3 6
1 75 18
1 80 44
1 80 26
1 79 3
1 49 50
1 63 42
1 8 9
1 78 75
3 18
1 80 65
1 32 80
3 67
4 425568
2 77
2 74
3 80
2 62
1 80 53
1 2 33
1 59 29
3 65
1 61 67
2 75
1 80 31
3 42
1 8 24
1 37 69
1 77 70
2 80
0
3 17
1 79 80
1 22 61
1 67 61
1 72 18
3 23
2 80
1 80 31
1 80 3
1 60 22
2 23
0
1 2
2 3
3 4
4 5
5 6
6 7
7 8
8 9
9 10
10 11
11 12
12 13
13 14
14 15
15 16
16 17
17 18
18 19
19 20
20 21
21 22
22 23
23 24
24 25
25 26
26 27
27 28
28 29
29 30
30 31
31 32
32 33
33 34
34 35
35 36
36 37
37 38
38 39
39 40
40 41
41 42
42 43
43 44
44 45
45 46
46 47
47 48
48 49
49 50
50 51
51 52
52 53
53 54
54 55
55 56
56 57
57 58
58 59
59 60
60 61
61 62
62 63
63 64
64 65
65 66
66 67
67 68
68 69
69 70
70 71
71 72
72 73
73 74
74 75
75 76
76 77
