74 189
0
4 161472
1 80 64
3 64
2 31
1 77 16
1 60 1
2 49
1 5 63
1 61 80
2 75
3 72
1 60 80
1 30 52
1 69 45
1 80 46
3 2
3 14
1 26 55
1 38 21
2 70
3 31
2 17
1 80 39
1 53 80
3 51
1 62 2
1 78 9
3 75
1 62 14
1 80 46
2 32
2 61
2 35
1 50 18
3 80
1 55 62
1 70 70
1 80 71
3 53
1 79 64
1 31 23
4 944149
2 67
1 1 27
1 53 72
3 65
4 97321
4 775278
1 67 80
1 66 80
4 784316
3 5
1 79 17
3 2
1 75 53
1 60 68
1 1 25
4 954746
2 64
2 70
1 72 63
2 75
1 80 80
2 80
1 3 31
1 52 64
4 853112
1 27 66
1 51 3
1 74 70
1 46 66
1 68 8
0
37 44
1 66
25 26
1 72
70 71
19 74
57 59
40 43
64 67
62 63
50 61
61 71
51 74
46 48
40 41
72 74
45 51
42 51
33 45
62 65
50 74
34 74
25 57
1 5
12 29
1 37
2 11
17 18
52 57
4 7
62 70
1 68
1 63
16 20
53 55
24 42
1 17
55 59
4 11
67 70
18 19
5 8
15 50
38 40
1 65
9 35
15 19
32 33
66 67
16 74
8 52
36 39
49 50
40 53
38 49
69 70
30 39
10 22
5 14
45 53
63 65
30 47
1 13
65 67
2 15
60 63
13 70
24 47
50 53
10 24
30 41
1 2
30 71
24 48
18 21
37 48
1 16
39 42
41 50
1 55
9 21
28 34
48 55
68 71
12 14
20 23
33 54
39 41
58 71
58 69
3 23
56 62
26 51
1 42
53 64
18 24
14 26
1 20
7 14
56 60
1 19
20 21
30 33
3 7
67 73
6 40
27 34
56 58
24 34
27 28
1 71
1 32
9 16
7 12
7 58
29 69
71 72
38 43
64 69
52 74
54 72
15 30
34 35
1 11
56 70
13 71
50 57
14 25
19 27
31 34
32 45
12 43
1 10
23 30
19 26
26 74
32 53
22 32
1 52
35 39
16 34
13 63
1 3
44 47
2 28
55 73
5 6
2 4
46 54
40 46
18 41
49 65
6 74
19 64
29 34
10 74
10 71
6 9
1 36
59 72
36 47
41 47
43 60
53 54
66 74
4 70
17 71
21 38
11 22
3 4
4 12
32 43
22 25
13 27
8 9
23 31
3 32
50 69
39 40
13 29
73 74
1 45
54 56
55 56
4 19
47 52
30 38
11 15
35 50
