193 1807
0
1 87 42
2 85
0
2 24
1 152 200
4 467968
0
1 190 183
1 122 176
1 143 186
4 847633
2 48
2 157
1 200 77
1 156 200
1 145 5
0
2 184
2 122
4 833579
1 152 184
1 63 31
1 6 144
1 167 118
1 134 200
1 160 200
2 169
1 104 88
1 22 160
2 176
1 136 154
1 6 169
1 116 200
2 173
2 192
1 150 200
2 154
2 193
1 127 131
4 761697
1 167 169
2 200
1 96 200
2 79
4 821590
2 26
1 192 174
1 182 171
1 14 143
1 121 200
0
1 63 38
2 66
2 200
1 190 112
0
1 185 147
1 1 200
1 200 163
4 1000000
1 144 194
4 734316
4 909790
2 165
1 200 200
2 200
2 164
4 478559
1 155 166
1 151 60
1 140 74
0
1 185 189
1 45 94
2 142
2 171
1 174 104
2 170
1 186 170
1 63 156
1 135 182
1 143 74
1 104 187
1 22 86
1 119 186
1 200 186
1 200 181
2 152
1 97 124
2 15
1 74 180
1 85 58
1 170 48
1 190 29
1 66 90
1 188 121
1 60 37
4 768773
2 177
1 54 196
1 72 128
1 153 31
1 200 197
1 200 200
1 175 152
2 156
0
1 200 200
0
1 191 17
2 151
1 200 117
4 801092
4 367972
1 169 174
1 200 200
1 70 152
1 59 36
1 56 166
0
0
2 15
1 200 156
1 172 165
1 158 96
4 964320
1 50 191
2 164
1 15 193
2 21
2 200
2 119
1 179 131
1 171 200
2 40
2 163
2 200
2 200
1 164 41
1 85 111
0
1 75 178
4 972624
1 29 200
1 200 136
2 102
0
2 6
2 169
1 36 163
2 187
1 60 167
0
1 154 177
1 200 169
0
1 200 8
2 174
1 200 82
1 181 96
1 200 123
1 154 200
2 159
2 154
0
0
2 200
4 86776
1 116 126
1 20 200
1 165 65
1 200 153
1 156 97
2 114
1 112 200
1 200 177
1 30 155
1 200 20
1 190 200
2 49
1 25 91
1 200 151
1 86 102
2 200
1 84 153
1 177 86
2 126
1 23 183
1 18 196
4 788083
1 29 173
0
88 156
184 185
81 83
56 131
30 191
145 152
89 134
117 193
76 168
90 193
14 26
2 53
36 190
44 140
10 18
134 135
8 39
28 34
149 166
49 189
16 175
33 82
1 45
120 122
37 147
48 49
102 168
8 9
81 193
50 68
51 185
23 26
46 125
142 159
19 57
127 156
67 114
24 26
75 128
22 118
84 183
59 61
48 173
115 154
52 189
1 166
103 170
1 155
23 132
98 151
32 188
38 93
14 161
84 122
62 80
1 8
169 179
3 75
132 140
55 152
18 170
21 125
12 64
179 187
28 52
7 60
115 126
31 91
40 152
108 114
79 182
1 6
62 185
102 122
135 150
112 131
17 75
56 112
54 191
28 132
20 106
87 141
11 20
16 188
113 125
117 173
25 167
24 36
64 125
55 56
11 156
25 93
47 86
79 135
58 65
74 133
174 193
28 43
1 102
41 169
178 193
97 111
8 186
187 189
159 176
24 59
29 126
44 101
38 187
70 142
14 159
5 154
151 155
79 83
95 140
20 178
144 186
104 105
24 89
9 10
2 144
53 123
26 38
53 150
12 27
1 33
13 14
97 103
124 130
25 105
116 175
98 145
7 119
113 137
184 186
172 177
125 130
77 111
13 130
86 134
134 139
69 144
88 98
42 76
118 185
131 150
156 160
6 99
96 125
119 169
52 72
55 57
17 107
1 188
78 119
34 83
1 159
48 134
48 123
161 178
153 166
5 45
6 97
84 154
156 164
118 164
83 133
31 33
8 60
66 171
112 163
6 169
34 52
114 163
109 173
131 152
157 184
25 143
51 87
5 125
125 145
82 127
20 55
4 32
5 13
159 171
94 171
65 117
78 86
87 154
41 166
75 148
94 176
115 123
34 142
69 189
11 12
92 99
1 109
77 127
37 98
46 154
20 182
7 53
128 129
1 13
41 72
25 97
128 161
184 191
57 58
153 155
47 70
54 83
17 57
79 93
22 41
26 103
84 87
30 76
2 120
112 154
50 51
74 80
58 134
32 169
141 162
98 101
13 82
36 164
63 106
48 157
156 182
121 166
25 190
78 99
139 147
76 146
87 89
128 171
92 93
8 80
5 147
46 51
30 187
134 172
54 117
80 90
167 187
62 127
69 163
10 54
177 189
107 126
70 168
118 132
146 173
4 84
46 163
78 113
9 97
19 42
2 172
65 183
63 121
10 164
54 75
29 94
17 93
52 162
48 69
90 159
23 185
20 122
16 134
49 119
51 140
108 121
147 149
72 168
110 131
25 34
40 127
7 155
4 76
2 186
144 161
30 148
10 26
107 127
3 142
3 185
136 144
135 193
31 45
96 112
166 174
69 122
109 160
44 138
47 122
104 127
146 193
15 148
55 138
23 119
167 170
92 158
26 148
66 77
29 176
121 147
80 81
27 193
70 154
15 156
111 120
85 97
18 29
4 48
73 145
93 98
8 119
29 31
10 145
45 116
143 161
67 162
41 47
127 180
63 116
65 66
81 84
39 130
12 39
64 179
46 54
128 152
3 4
32 79
13 132
22 96
60 150
99 146
54 169
81 151
140 189
13 108
51 65
104 189
88 103
109 162
115 172
32 66
106 111
8 136
5 130
41 84
108 177
37 142
32 151
107 151
3 56
27 110
69 179
6 7
85 178
2 5
48 84
43 115
180 191
62 157
35 46
121 130
110 111
52 87
114 141
52 61
189 190
23 63
18 166
48 148
5 89
56 58
78 166
165 193
70 113
32 158
131 143
99 103
180 184
12 109
38 108
4 61
4 50
99 170
122 157
55 61
73 82
156 191
121 190
149 154
86 167
191 192
70 135
117 122
37 183
23 175
98 128
15 159
32 161
84 88
37 177
129 172
144 159
107 190
4 137
34 95
71 82
80 159
73 108
49 50
6 20
102 103
182 188
22 136
7 144
20 32
159 161
179 193
130 164
21 138
16 22
142 152
110 159
167 191
1 15
90 111
82 126
100 108
80 109
1 183
93 172
67 142
61 138
128 140
61 65
20 137
108 119
18 137
27 149
75 158
36 188
64 151
37 162
26 31
37 187
70 155
64 69
30 81
102 193
121 154
1 147
82 142
30 73
69 95
150 160
130 155
65 75
88 149
108 185
65 136
46 47
153 193
42 166
18 165
52 138
93 151
72 89
43 49
139 143
41 54
5 63
96 97
148 154
91 162
52 59
45 130
84 90
79 154
47 128
40 76
76 162
9 163
26 186
54 60
136 141
73 130
18 116
3 155
19 20
129 149
102 108
4 96
163 167
77 87
141 157
16 19
85 177
174 181
92 193
66 163
31 61
26 40
100 148
176 180
40 42
83 140
102 153
3 37
36 45
125 136
67 155
52 165
54 115
68 69
22 193
24 28
94 112
17 66
144 146
97 183
13 89
10 80
43 97
56 71
127 188
186 191
7 147
24 30
51 181
15 177
155 193
146 175
87 146
130 150
161 175
6 39
25 193
34 42
37 120
34 102
76 106
56 107
143 148
133 146
7 89
139 146
96 190
127 158
62 144
54 188
32 54
30 118
88 159
46 136
76 163
119 124
9 16
8 32
141 190
108 120
1 120
168 177
10 108
75 126
35 98
35 140
122 169
138 143
81 140
10 156
42 136
48 121
138 146
90 154
88 175
17 50
142 184
92 172
66 84
80 86
147 165
47 139
57 85
37 145
59 63
118 119
82 92
64 187
72 109
32 192
33 124
1 27
69 73
5 47
69 129
95 101
93 192
56 81
7 127
44 103
133 184
45 125
94 109
175 177
54 143
82 85
29 46
7 90
43 54
15 17
165 188
30 57
58 102
15 64
141 150
73 76
14 121
10 193
26 43
60 154
49 167
122 127
15 128
54 56
60 90
74 95
96 146
5 75
102 106
158 159
26 78
17 58
174 182
55 136
38 54
42 177
89 163
7 131
107 128
82 112
40 155
19 181
75 96
14 77
46 107
42 62
149 176
60 158
123 131
8 50
94 158
20 21
57 159
77 86
1 89
16 27
112 193
93 111
123 160
1 107
69 85
121 148
47 50
99 167
130 189
160 170
48 156
6 9
118 141
9 141
131 154
59 188
138 162
115 135
3 106
25 172
161 193
112 183
120 161
94 103
63 162
45 67
69 171
1 35
40 95
66 67
60 186
66 176
70 131
3 16
39 83
127 131
49 52
100 101
31 76
168 193
73 118
63 115
16 138
164 193
184 188
75 86
41 122
85 95
21 31
126 182
95 96
44 127
95 187
33 51
119 148
15 88
39 183
175 182
20 67
145 148
48 151
54 163
97 166
140 147
146 176
63 84
95 135
9 12
5 193
96 111
144 148
91 157
14 156
63 150
92 104
64 136
57 127
185 191
14 149
107 145
63 149
7 193
61 76
2 22
34 181
101 108
135 146
114 118
74 138
63 98
68 76
35 152
12 139
2 146
66 145
4 46
46 52
64 70
93 94
15 182
79 80
24 88
73 168
151 191
68 78
103 179
133 167
132 183
117 190
102 121
9 27
66 156
83 93
41 160
136 149
39 118
116 122
32 37
149 158
4 25
118 168
96 104
21 126
13 193
163 179
93 108
29 166
8 19
41 145
67 98
57 108
70 187
148 176
105 158
58 156
147 192
23 88
169 183
69 145
37 74
23 168
84 107
16 75
154 160
11 188
89 129
16 101
54 104
145 159
58 82
32 131
4 127
116 124
116 155
61 79
1 153
59 117
146 166
15 44
167 171
50 155
81 160
15 50
165 177
53 151
133 143
87 94
105 193
2 110
8 187
112 190
180 181
76 78
121 122
1 31
8 16
175 190
11 58
35 48
151 190
145 147
56 175
5 183
37 67
62 191
97 128
69 72
63 193
96 106
171 181
94 156
107 181
140 169
7 44
6 18
122 171
54 192
77 175
105 160
158 161
6 143
49 53
52 163
134 155
7 30
12 71
43 60
70 80
164 176
102 183
11 87
4 80
124 154
70 77
53 107
10 60
27 71
71 132
36 112
130 146
16 124
57 105
33 162
38 141
18 193
72 144
9 180
8 174
118 192
40 181
43 127
129 192
27 184
35 154
27 127
151 176
61 66
156 157
45 77
40 193
81 121
89 159
45 193
143 171
29 121
25 126
138 144
105 111
101 191
154 159
1 96
127 152
91 106
165 175
7 66
128 145
80 148
110 112
149 157
38 138
37 42
131 142
91 94
102 120
127 153
19 62
33 45
90 98
11 140
95 98
91 178
62 65
146 149
26 51
62 156
112 175
8 130
127 128
75 191
36 169
1 176
91 92
23 169
111 149
94 117
112 133
40 51
75 140
9 86
9 93
111 146
26 185
176 177
11 16
26 91
29 132
61 189
66 68
79 188
37 64
111 136
85 171
40 69
24 139
141 142
186 193
24 157
187 188
102 148
80 112
1 175
51 155
38 188
68 97
70 95
21 85
74 193
28 193
96 161
38 184
19 143
182 183
113 116
80 140
89 96
11 14
99 115
48 60
80 100
66 92
27 54
36 152
19 163
54 183
137 174
143 167
132 182
113 188
97 192
143 145
7 168
78 82
13 73
2 43
14 182
99 159
96 163
114 115
81 156
10 12
58 83
8 127
7 138
17 174
68 128
97 106
139 154
66 124
7 23
90 177
14 23
171 193
3 21
1 53
3 70
12 113
99 132
152 154
70 99
80 119
172 176
71 193
106 123
122 128
138 158
24 25
70 74
1 5
84 85
13 31
125 126
80 124
52 108
79 84
86 96
51 147
50 89
73 77
82 133
179 180
20 154
19 77
45 140
159 166
33 171
77 97
28 167
19 71
45 54
61 88
139 159
99 107
20 27
83 85
26 157
83 104
31 179
55 72
160 178
68 172
59 144
58 187
82 99
44 97
6 104
19 113
12 179
33 61
18 129
92 94
114 123
71 126
26 165
114 125
79 167
181 185
25 110
14 169
65 167
158 171
81 180
100 146
11 89
103 107
150 190
50 53
3 188
60 185
1 54
117 133
114 171
74 128
54 185
154 193
188 190
1 63
28 174
84 86
73 101
130 140
99 191
68 77
121 143
80 88
1 174
103 124
84 117
28 48
85 102
172 184
72 108
53 94
29 64
96 178
46 127
87 164
84 190
108 113
80 188
79 102
118 140
120 176
76 193
6 101
130 132
36 51
107 132
98 153
91 103
130 137
26 46
82 111
6 74
129 132
20 118
62 93
2 77
17 184
109 176
34 140
98 133
15 27
141 144
16 61
2 6
16 67
6 10
51 53
141 188
3 128
11 32
86 188
18 139
168 172
1 100
38 156
59 174
15 48
21 57
50 78
121 151
168 175
160 189
176 182
86 94
7 129
97 155
100 110
125 127
38 40
82 152
166 183
161 162
75 76
1 85
42 117
79 88
1 132
47 60
27 180
52 96
59 136
29 141
68 130
38 52
15 187
30 161
20 193
64 157
183 185
34 190
2 181
89 132
26 88
10 86
97 186
120 159
26 115
17 192
56 95
110 160
5 50
88 91
46 61
38 111
75 172
59 70
14 79
41 113
19 49
101 154
19 65
81 104
63 181
88 113
125 137
177 182
109 145
149 151
61 73
150 177
105 178
54 148
109 110
35 81
1 62
44 45
184 193
6 171
17 125
175 191
6 45
24 147
7 118
107 117
160 167
40 83
53 54
37 75
17 171
42 43
27 55
14 118
23 122
126 163
48 59
110 164
99 177
9 53
60 61
7 69
31 142
82 136
16 181
29 48
61 87
35 77
90 188
37 48
20 69
116 129
1 160
11 193
57 59
145 186
103 109
117 142
36 150
55 132
2 3
73 193
32 100
129 147
106 187
39 60
107 169
121 189
27 183
22 81
64 161
152 153
25 166
70 72
39 155
72 73
34 63
10 11
123 193
56 119
67 150
14 193
41 173
119 121
101 187
31 176
24 111
89 149
107 125
120 136
133 178
17 193
103 165
104 124
110 166
40 130
11 36
49 134
31 57
44 46
30 34
61 181
17 147
125 148
105 148
66 150
85 131
12 157
3 35
13 63
91 100
121 173
155 163
63 188
141 151
151 173
133 193
1 145
143 169
4 23
79 187
46 95
6 84
51 107
90 139
23 129
31 64
6 123
51 150
125 165
3 171
128 132
69 166
100 175
17 138
92 101
77 114
4 65
23 36
73 171
115 140
43 128
110 190
12 15
17 62
25 95
3 117
46 69
1 9
105 186
173 178
9 156
51 52
154 165
121 153
36 181
36 127
69 159
80 139
135 172
90 147
30 41
32 50
53 91
72 107
109 142
107 112
19 41
22 142
37 39
128 193
29 129
91 131
67 131
51 165
23 24
107 124
7 47
4 72
190 193
107 116
102 110
34 165
82 135
39 115
79 181
78 154
32 99
48 61
2 55
18 146
40 41
191 193
109 135
67 69
70 167
41 68
115 176
1 46
1 17
36 117
13 105
9 174
19 96
71 113
163 166
76 174
146 183
39 122
16 129
39 44
49 150
12 108
57 167
129 173
5 138
91 129
44 105
127 138
93 179
21 23
102 169
60 74
67 84
192 193
26 152
49 190
147 150
25 29
76 79
28 63
92 152
45 127
83 145
48 131
54 65
159 191
117 119
40 157
96 172
64 104
120 125
15 19
143 190
127 193
8 193
60 77
133 141
133 175
36 70
58 165
88 181
68 139
22 139
104 130
35 37
6 80
163 172
28 123
87 140
73 123
33 193
42 104
72 81
53 193
137 138
101 160
43 44
64 75
122 130
34 145
112 181
148 157
55 107
58 149
44 52
174 178
127 192
11 70
30 44
10 121
124 193
31 190
96 98
40 77
169 171
6 8
10 73
8 85
49 66
121 167
79 137
62 64
23 190
162 169
131 166
134 158
169 170
97 185
122 179
28 54
17 179
1 49
1 71
19 102
46 188
150 156
73 192
45 48
99 127
46 122
11 183
90 192
10 150
165 173
99 189
29 78
37 90
1 43
53 160
102 145
4 110
123 176
129 134
13 87
158 167
121 182
111 158
139 170
133 149
8 52
129 130
1 38
110 123
102 172
104 155
3 45
136 148
91 97
46 130
65 77
60 187
106 193
51 55
46 137
19 22
10 170
19 32
146 185
35 72
9 37
162 180
8 103
113 151
23 41
131 179
30 164
35 102
111 125
46 110
98 144
42 47
24 41
126 172
17 91
83 86
12 185
61 98
34 82
46 117
5 165
43 174
6 109
38 39
20 164
70 178
51 85
108 111
81 82
172 179
140 193
139 157
4 24
37 44
82 103
126 186
170 177
20 60
93 141
132 171
7 132
10 82
45 95
1 4
94 95
62 73
72 171
131 132
27 171
46 158
12 97
22 162
41 137
14 84
131 133
5 35
85 88
82 91
101 105
10 175
10 136
37 158
126 128
98 160
45 175
18 172
98 155
58 183
99 161
180 186
28 141
149 192
92 100
72 130
166 187
32 104
35 97
43 158
172 188
86 130
66 79
3 85
34 164
94 160
57 158
173 193
125 159
122 168
40 151
61 107
71 78
43 180
89 167
141 193
54 109
129 175
44 182
10 173
41 42
50 54
56 84
35 76
74 167
48 79
16 182
116 120
49 181
17 19
26 37
166 169
56 144
23 25
124 171
113 166
50 107
170 188
13 128
129 157
35 121
65 93
31 122
173 175
147 178
70 153
33 101
49 116
15 77
53 72
41 127
157 158
38 86
64 141
161 183
64 139
128 159
30 175
32 97
3 159
50 108
42 86
5 150
70 138
138 155
127 163
152 175
128 181
54 187
25 157
3 5
2 104
39 185
63 87
87 126
2 106
92 156
70 130
51 187
3 100
60 144
18 106
16 105
76 151
119 188
18 184
87 156
166 182
34 96
49 54
5 7
59 87
138 165
58 59
45 188
172 193
7 33
25 40
112 119
33 37
59 177
22 175
36 40
26 191
36 148
37 51
25 92
48 52
70 152
95 170
104 141
35 166
119 125
136 137
54 193
53 140
150 183
52 130
1 2
57 100
60 67
51 174
125 190
6 180
90 169
77 78
108 189
1 168
130 191
147 151
10 30
39 113
2 143
31 89
91 175
158 184
148 174
62 112
148 178
144 156
9 11
75 112
32 55
1 105
62 70
1 149
45 93
174 184
84 123
66 132
26 28
47 119
