194 193
0
1 200 137
1 12 64
2 186
4 688319
0
4 709780
2 200
1 158 197
1 45 110
2 80
1 142 96
1 161 69
1 8 56
4 960274
1 175 177
3 42
1 159 34
1 197 162
1 181 38
1 177 192
3 94
1 174 107
1 180 200
1 165 125
3 156
1 126 61
3 188
2 191
2 191
3 113
1 200 77
2 112
0
1 200 152
2 166
2 200
1 188 61
1 101 200
1 200 182
2 74
1 124 117
1 176 200
1 175 142
2 183
4 931622
3 92
4 770169
2 86
3 160
1 200 149
0
2 143
1 84 103
3 57
0
0
0
1 194 200
1 43 156
2 130
2 58
2 166
3 200
1 183 102
4 977571
1 92 156
0
0
2 200
1 62 6
3 193
2 62
3 92
2 30
1 184 63
1 200 200
1 153 200
3 156
1 36 153
2 147
4 889065
3 20
3 163
1 152 186
2 105
4 886661
1 184 106
1 116 194
2 54
3 88
3 169
1 127 191
3 14
1 137 91
3 189
1 101 89
3 197
1 196 187
1 140 57
1 78 200
2 200
2 143
1 102 44
1 156 200
3 68
2 200
1 200 200
2 74
1 43 200
3 115
1 77 133
3 173
1 157 122
1 73 127
2 200
3 150
1 200 151
2 157
1 171 175
0
1 200 29
3 187
1 200 108
1 161 143
1 138 193
1 200 152
3 198
3 181
1 10 61
1 168 123
1 117 152
3 41
4 353068
1 6 129
1 173 69
2 182
1 185 60
1 85 140
1 75 54
3 130
1 70 200
1 178 143
1 128 192
1 4 184
2 153
2 200
2 3
3 200
2 171
2 65
1 200 121
4 768045
1 35 23
1 69 200
2 177
1 50 4
0
2 200
1 200 152
1 197 151
1 153 171
1 100 45
3 164
3 27
3 165
2 200
1 156 101
1 170 163
1 152 191
0
1 175 196
1 12 178
1 91 107
2 120
1 71 35
1 102 178
3 110
3 123
3 167
1 200 200
1 200 141
1 18 200
1 97 200
1 135 33
2 187
1 192 197
1 114 165
4 1000000
1 200 173
4 758739
1 130 80
1 200 200
0
1 2
2 3
3 4
4 5
5 6
6 7
7 8
8 9
9 10
10 11
11 12
12 13
13 14
14 15
15 16
16 17
17 18
18 19
19 20
20 21
21 22
22 23
23 24
24 25
25 26
26 27
27 28
28 29
29 30
30 31
31 32
32 33
33 34
34 35
35 36
36 37
37 38
38 39
39 40
40 41
41 42
42 43
43 44
44 45
45 46
46 47
47 48
48 49
49 50
50 51
51 52
52 53
53 54
54 55
55 56
56 57
57 58
58 59
59 60
60 61
61 62
62 63
63 64
64 65
65 66
66 67
67 68
68 69
69 70
70 71
71 72
72 73
73 74
74 75
75 76
76 77
77 78
78 79
79 80
80 81
81 82
82 83
83 84
84 85
85 86
86 87
87 88
88 89
89 90
90 91
91 92
92 93
93 94
94 95
95 96
96 97
97 98
98 99
99 100
100 101
101 102
102 103
103 104
104 105
105 106
106 107
107 108
108 109
109 110
110 111
111 112
112 113
113 114
114 115
115 116
116 117
117 118
118 119
119 120
120 121
121 122
122 123
123 124
124 125
125 126
126 127
127 128
128 129
129 130
130 131
131 132
132 133
133 134
134 135
135 136
136 137
137 138
138 139
139 140
140 141
141 142
142 143
143 144
144 145
145 146
146 147
147 148
148 149
149 150
150 151
151 152
152 153
153 154
154 155
155 156
156 157
157 158
158 159
159 160
160 161
161 162
162 163
163 164
164 165
165 166
166 167
167 168
168 169
169 170
170 171
171 172
172 173
173 174
174 175
175 176
176 177
177 178
178 179
179 180
180 181
181 182
182 183
183 184
184 185
185 186
186 187
187 188
188 189
189 190
190 191
191 192
192 193
193 194
