189 1759
0
1 190 180
1 177 73
2 113
1 93 12
1 161 2
1 169 169
3 192
2 158
0
2 116
2 95
3 173
2 19
1 156 104
1 200 182
2 137
2 146
1 33 159
2 47
1 191 175
2 174
1 61 161
2 200
2 154
1 113 183
2 169
1 129 200
1 200 166
1 200 96
1 193 200
1 200 192
1 36 164
1 166 200
4 101973
2 125
3 76
1 182 45
2 128
1 113 144
1 196 156
0
3 76
1 200 156
1 122 200
1 15 12
4 259274
1 94 1
2 158
1 170 170
1 200 190
1 188 95
1 164 159
2 133
3 124
4 1000000
1 179 111
2 1
3 170
1 170 16
1 200 125
2 200
1 176 200
0
1 118 190
2 44
2 200
2 185
1 200 65
4 1000000
2 103
2 154
1 42 200
4 493413
1 95 200
1 153 53
1 70 169
1 37 34
2 174
2 85
1 200 3
3 69
3 155
1 154 101
2 4
1 200 131
3 200
1 58 158
1 200 200
2 145
1 200 131
1 24 52
1 32 73
2 162
1 164 180
3 176
1 101 36
4 929587
1 167 200
4 750296
1 194 200
1 182 154
0
3 183
2 153
3 106
2 22
1 3 174
3 48
2 200
2 140
0
3 79
3 139
1 185 140
3 188
3 200
1 31 176
1 81 93
1 104 186
1 186 165
1 172 117
1 106 184
1 190 200
1 76 200
1 200 86
1 25 156
3 45
1 130 200
2 170
2 178
2 48
1 126 159
4 635608
2 200
4 811367
1 137 8
1 149 152
1 200 166
3 158
1 97 188
1 171 169
1 72 162
1 52 131
1 165 103
1 70 154
1 195 200
3 95
1 117 197
1 189 174
2 110
0
1 50 195
2 177
3 12
1 83 147
3 77
1 5 187
3 148
1 25 151
1 200 107
3 151
2 29
1 151 159
4 238608
1 104 172
1 200 200
3 79
1 150 126
2 162
3 173
3 186
1 200 200
3 16
1 196 200
3 152
2 19
1 135 200
4 1000000
4 183209
2 174
1 49 193
2 138
1 200 65
1 44 197
1 124 194
2 183
1 130 162
0
1 69
145 189
103 185
4 51
131 164
25 28
94 149
63 81
152 159
42 54
171 183
71 171
45 85
31 114
3 61
11 142
79 85
30 55
38 121
158 160
47 68
5 136
32 44
77 143
12 111
20 135
42 85
10 103
132 175
122 124
29 72
97 182
18 32
13 34
114 158
82 93
4 82
20 100
99 175
22 101
158 178
89 160
72 175
65 123
83 95
99 120
47 56
91 175
140 163
31 174
25 45
8 35
64 175
39 123
6 176
79 143
83 177
41 155
41 74
28 94
139 146
8 12
95 173
19 121
109 133
9 17
44 167
18 83
3 70
101 129
172 182
57 179
41 56
83 108
169 181
6 16
51 59
11 60
133 134
18 119
14 80
62 68
37 38
34 125
42 66
51 124
34 61
12 23
17 142
6 129
59 150
78 88
11 102
144 155
15 16
38 43
97 188
20 136
24 67
24 41
61 157
68 71
58 67
124 125
41 163
166 168
23 61
102 158
117 185
135 144
95 124
21 186
143 184
17 36
119 145
19 101
64 93
169 170
60 111
39 94
38 154
52 180
25 29
46 133
76 86
71 98
147 188
17 20
30 143
62 76
112 189
89 167
88 186
99 159
75 180
50 64
33 119
43 68
16 87
70 109
94 156
54 187
41 68
16 17
106 167
32 33
142 144
160 168
54 61
57 93
67 189
26 46
22 75
77 96
123 158
62 69
151 171
25 185
103 120
27 28
19 84
6 12
80 167
139 155
71 162
96 161
183 189
76 91
31 60
13 92
148 182
43 52
54 121
112 118
148 149
19 118
77 170
74 140
27 37
150 176
159 167
129 134
2 60
45 68
52 127
35 141
31 68
14 177
1 102
10 185
91 105
138 183
39 159
6 115
69 73
59 123
15 148
13 182
117 156
42 43
153 182
104 108
81 86
34 163
61 161
106 138
77 127
65 101
85 136
78 116
1 110
126 173
70 79
56 132
37 121
40 69
111 189
100 146
19 71
124 127
143 154
155 156
7 8
158 165
4 59
109 119
6 126
21 60
89 132
4 13
36 122
60 102
90 145
177 181
83 88
10 143
114 182
20 146
79 185
186 188
105 189
102 120
50 109
160 165
4 18
28 188
5 82
75 103
102 111
152 171
43 109
187 188
100 119
153 160
36 38
2 73
82 183
71 104
138 139
103 121
91 164
33 150
25 189
17 148
73 120
39 114
6 33
101 144
73 99
98 183
101 155
64 171
110 139
24 46
55 150
1 26
133 151
78 186
19 35
144 159
22 139
112 149
12 104
22 25
89 178
46 121
165 171
2 103
98 174
38 46
62 173
19 123
137 187
1 59
127 175
76 96
61 99
11 177
83 102
23 100
141 176
128 133
68 131
73 96
34 150
7 135
18 149
137 140
18 112
11 23
94 166
61 82
81 168
40 66
137 144
53 124
21 178
86 92
142 172
92 99
13 26
129 177
95 97
106 146
39 138
175 179
6 10
184 189
12 85
17 22
108 160
166 169
153 173
10 67
2 3
141 149
63 89
31 94
154 157
19 20
80 135
131 174
69 70
18 27
3 94
125 128
182 183
66 98
48 107
127 146
86 168
28 70
73 124
46 71
77 146
95 102
11 55
60 187
62 73
113 175
149 161
4 173
72 140
66 166
34 165
107 111
77 145
2 11
43 44
43 128
153 165
49 149
12 14
78 106
65 71
24 145
92 122
77 102
66 85
88 103
28 42
71 79
8 178
120 138
93 132
67 172
78 118
118 122
116 187
2 71
66 181
92 173
68 85
188 189
117 187
96 142
118 180
41 45
1 135
14 141
74 86
158 159
95 135
39 148
6 85
3 188
5 15
99 109
160 182
175 186
19 105
76 144
1 57
22 180
72 147
39 183
94 100
146 150
117 124
31 39
46 160
21 151
64 65
71 175
14 43
60 153
77 82
75 187
8 19
22 156
44 83
18 186
1 112
94 144
20 158
37 158
83 141
49 61
37 42
29 154
69 165
89 90
20 147
179 182
134 148
33 73
58 82
104 140
32 144
26 32
70 142
106 172
55 114
1 64
58 181
162 187
125 142
67 109
57 110
62 176
3 126
1 172
14 117
97 131
41 107
22 175
3 52
28 39
77 160
73 189
48 53
62 141
33 38
119 160
9 67
126 130
168 187
16 158
59 72
64 101
58 171
100 165
9 39
119 126
18 76
99 123
146 148
53 98
103 141
20 37
39 68
135 147
1 163
114 127
60 149
101 102
128 142
88 143
13 15
76 115
108 113
2 138
107 133
131 141
174 176
52 189
95 140
48 108
96 138
162 165
7 153
25 183
49 135
67 71
37 69
83 90
3 37
12 94
54 84
75 87
21 104
54 185
71 179
47 88
131 158
5 42
8 66
10 21
9 163
52 60
25 56
1 79
64 87
54 125
95 133
62 189
120 153
27 123
11 133
46 94
91 93
52 119
71 91
41 157
110 161
6 145
46 49
64 184
163 179
4 110
9 141
116 178
73 116
116 128
22 86
27 103
152 154
74 171
105 107
117 118
115 116
26 165
60 62
44 61
15 21
38 51
101 113
24 120
7 103
34 113
27 65
90 150
101 137
66 70
66 158
112 113
5 59
147 153
16 184
46 47
169 177
128 130
34 37
53 139
33 82
8 116
37 118
4 116
81 85
54 159
15 45
181 186
88 123
137 182
24 27
109 128
23 118
96 130
15 134
24 106
31 146
84 182
95 120
108 151
1 52
65 153
92 145
19 22
43 151
71 189
81 123
130 133
9 10
147 187
141 144
116 117
102 166
25 71
37 189
33 115
24 152
30 109
161 183
19 79
35 115
54 103
71 123
35 49
103 149
58 167
138 143
145 153
93 142
59 156
173 179
41 46
28 83
28 151
26 62
57 160
52 169
9 49
5 189
44 46
55 60
66 113
72 88
65 177
42 94
117 182
6 7
123 126
119 187
62 94
40 180
119 163
164 167
79 116
83 133
72 169
168 189
73 150
27 166
61 174
42 98
44 136
9 55
15 125
24 49
112 121
14 158
77 84
152 160
96 97
99 113
107 151
84 132
131 189
10 142
62 167
103 115
63 101
27 79
1 71
11 44
18 106
143 187
67 95
51 71
8 9
66 79
149 155
98 117
9 94
137 138
62 67
14 121
35 41
17 25
48 124
18 175
21 147
34 88
59 187
16 82
52 144
150 177
25 51
43 166
105 123
4 163
74 82
97 138
98 161
90 149
83 92
80 174
71 145
157 169
171 181
15 137
12 148
7 186
112 168
17 45
109 141
66 92
108 155
59 175
2 179
102 110
155 162
20 92
96 99
56 188
17 181
1 72
42 73
8 180
117 120
17 27
53 62
86 155
93 158
36 84
9 189
61 67
38 75
66 95
158 181
9 75
120 188
133 137
18 128
126 162
31 67
47 55
94 95
110 136
124 189
183 188
43 56
32 189
159 164
70 81
6 81
69 84
121 125
29 121
6 14
9 63
95 141
141 146
64 80
1 47
93 94
50 101
139 142
97 114
35 180
34 73
14 164
94 97
114 143
101 170
106 109
154 189
134 182
117 153
160 163
151 157
107 162
1 136
142 158
78 138
64 113
34 156
9 64
18 28
42 185
126 146
81 145
29 111
45 129
75 178
36 37
18 68
103 148
24 53
6 149
28 128
126 182
7 13
141 186
19 130
137 155
51 54
1 106
6 136
94 185
105 135
38 101
105 157
51 111
12 189
14 170
13 137
39 118
141 169
127 135
8 125
30 41
95 180
166 178
8 38
13 55
50 51
67 153
25 33
1 134
28 33
52 181
8 47
128 146
30 104
171 182
51 135
15 101
67 140
35 117
88 168
40 108
57 152
7 74
78 185
17 91
26 163
18 156
14 75
37 40
1 24
48 151
46 143
8 16
176 187
17 21
75 111
108 170
7 76
40 135
6 100
144 189
119 129
15 157
72 186
28 91
3 12
66 75
38 71
25 116
53 76
17 72
44 59
55 132
65 170
50 99
9 147
132 182
52 167
143 179
105 165
139 140
78 181
6 121
56 58
80 138
179 183
72 85
43 147
41 49
40 71
58 65
12 25
121 126
143 153
88 89
40 187
164 183
111 116
110 118
20 68
26 97
32 80
18 87
174 179
3 18
141 181
151 166
108 132
97 103
37 174
29 140
53 77
89 141
57 128
159 185
24 182
37 179
99 189
4 111
18 40
8 11
90 121
6 78
30 91
167 179
173 181
49 94
136 153
30 145
4 53
25 162
75 105
55 56
137 175
82 153
82 143
111 127
176 178
5 88
2 167
58 93
27 87
125 189
149 153
41 95
155 161
134 143
107 125
27 45
10 31
128 129
99 115
52 88
165 166
113 189
159 183
148 162
18 114
120 126
87 119
7 161
36 39
3 157
78 123
46 130
17 67
26 99
93 112
5 147
10 39
98 128
23 25
28 112
101 182
118 134
13 38
62 140
13 168
77 114
56 79
39 117
68 83
19 21
80 105
113 178
181 183
26 66
1 100
84 189
56 119
61 147
10 141
45 141
159 177
69 124
10 98
72 149
30 141
5 68
55 115
140 178
163 171
120 122
15 39
18 48
109 176
141 153
22 100
158 168
23 167
35 153
41 141
35 39
60 178
12 77
9 26
85 170
11 164
45 48
35 130
42 171
12 182
100 103
18 66
75 86
87 88
25 52
29 153
148 153
25 119
117 125
59 180
13 62
38 138
75 154
30 133
23 111
96 189
19 82
133 187
71 72
34 172
79 132
37 165
52 101
47 48
85 183
152 183
114 115
41 111
39 50
43 115
48 84
77 122
48 66
112 151
95 121
170 174
80 184
135 136
25 43
92 97
125 186
24 127
90 106
26 132
58 189
6 35
27 102
35 179
136 142
50 145
69 152
27 154
81 84
33 71
115 123
12 172
31 41
1 165
91 131
161 182
122 189
129 162
27 149
48 49
184 186
159 162
34 85
105 108
133 166
4 181
48 130
6 18
9 174
5 94
20 21
143 146
88 136
99 104
4 88
106 142
124 130
106 129
95 117
141 164
15 161
116 188
54 98
5 100
67 111
87 118
41 180
112 122
126 139
140 187
49 162
1 80
80 81
64 168
89 91
119 161
102 123
21 79
37 163
98 107
64 162
165 179
81 150
78 115
38 168
94 96
42 74
27 69
157 189
182 185
7 154
1 167
90 189
46 124
30 115
3 4
50 135
46 177
12 124
138 158
46 56
122 123
97 106
1 145
125 131
29 32
8 10
46 184
19 185
72 81
13 138
140 167
49 159
98 163
49 112
40 53
35 71
72 103
90 157
3 60
40 98
138 174
36 140
128 189
62 126
71 116
4 123
50 80
5 87
57 170
41 42
104 112
131 148
103 105
39 89
85 88
40 143
143 151
63 176
76 159
95 172
3 7
7 141
69 185
3 87
22 66
34 36
88 93
51 97
96 169
81 111
45 100
63 123
92 148
9 154
19 159
96 170
35 51
70 157
147 160
46 166
1 98
110 149
82 180
101 132
78 170
11 182
29 134
79 100
22 79
36 72
23 40
180 189
104 189
138 182
109 135
10 180
95 101
73 169
167 181
54 155
13 42
38 178
19 23
84 86
65 174
67 89
43 103
30 138
179 180
91 132
70 146
31 62
60 163
153 189
92 169
2 169
58 141
15 77
126 142
46 165
4 141
56 57
14 113
67 180
65 167
5 186
44 142
70 158
74 112
136 176
157 185
85 174
109 142
172 178
16 92
11 37
13 154
130 132
53 119
109 138
47 171
62 66
78 188
94 134
88 98
161 187
122 147
185 188
8 79
179 184
36 41
32 84
97 128
3 71
99 125
109 126
74 83
169 173
10 11
72 73
159 181
79 151
55 63
47 187
62 90
74 137
163 164
81 171
111 182
54 189
1 2
36 158
101 109
113 185
132 189
31 165
15 93
4 77
147 148
58 104
27 179
156 189
21 170
50 121
6 118
110 125
53 183
16 20
45 97
92 94
3 128
7 160
89 105
14 60
144 147
95 110
33 101
119 125
35 172
51 140
110 116
42 189
81 117
23 116
71 143
6 51
36 175
7 63
40 120
87 108
25 67
75 112
138 141
151 161
4 6
59 60
108 187
21 27
100 116
111 172
18 189
76 161
162 185
136 186
109 150
54 75
159 163
178 179
30 34
140 189
53 73
31 106
4 115
136 163
99 151
142 143
61 116
30 31
111 147
26 110
52 57
143 152
5 117
100 141
22 113
152 156
181 184
24 87
26 126
93 189
59 173
118 124
104 151
69 170
172 174
117 170
19 25
1 37
22 114
121 184
4 20
126 158
132 185
148 150
35 46
101 183
63 97
66 151
35 178
61 122
128 139
114 189
91 141
111 146
15 188
39 177
86 139
11 159
47 153
103 106
129 155
153 161
154 176
163 187
95 145
4 139
145 163
62 130
133 146
30 144
39 189
88 101
45 50
167 170
74 77
11 47
35 36
92 181
23 53
45 115
45 73
106 149
31 48
12 60
26 84
16 94
80 157
129 150
58 116
175 189
33 158
129 180
41 70
72 181
173 183
98 108
10 124
62 70
62 81
83 186
54 60
170 175
14 22
86 145
68 78
124 148
103 129
74 129
43 170
107 113
107 140
144 156
81 148
124 141
116 121
34 148
98 131
180 187
77 81
161 168
109 184
1 166
70 132
99 185
128 186
101 135
74 75
132 177
92 162
145 180
95 147
98 146
63 125
76 169
155 186
112 141
1 90
83 173
143 167
109 136
68 82
22 30
176 179
53 189
75 139
121 171
4 133
57 61
99 130
38 186
40 45
104 137
106 114
19 41
161 178
108 157
133 180
46 60
45 155
71 74
98 168
63 64
24 69
97 104
94 150
49 158
174 189
1 42
97 101
83 125
16 118
26 79
13 157
29 59
74 84
46 51
100 104
44 106
72 77
18 56
29 132
113 182
37 55
93 117
113 180
30 180
66 183
28 189
56 114
104 126
100 155
85 176
36 179
137 161
22 107
27 34
29 138
44 160
123 186
179 186
9 81
134 136
135 185
99 173
121 186
5 6
25 139
38 91
14 109
147 152
131 165
119 153
1 35
1 5
71 115
85 106
42 88
178 182
186 187
3 33
1 183
92 152
12 22
106 177
29 141
1 114
97 149
70 169
20 177
49 51
83 110
155 158
154 163
89 171
171 175
44 47
1 103
84 124
40 106
68 81
17 144
80 86
18 54
43 62
86 178
98 141
153 179
54 62
73 77
165 183
22 111
43 113
7 23
60 61
60 150
17 171
49 104
45 70
56 126
1 153
15 143
20 42
1 23
34 82
109 111
3 54
99 121
21 189
166 189
128 132
117 184
144 183
45 57
5 122
130 135
30 54
93 165
20 62
97 178
14 17
56 160
38 173
108 111
5 180
50 59
43 46
146 147
41 123
4 150
20 110
83 162
32 132
3 51
56 189
13 19
101 189
17 113
81 136
66 82
114 174
22 167
57 165
14 21
44 53
11 146
60 67
34 114
94 173
62 100
37 156
88 116
20 25
99 176
45 114
87 126
7 181
24 58
37 134
4 62
45 99
143 182
21 70
33 45
30 163
33 78
32 102
30 105
36 166
10 184
118 181
142 150
117 132
132 146
6 132
29 91
98 102
144 158
13 78
7 100
37 47
71 178
125 150
17 109
114 151
117 119
122 155
179 188
62 102
86 160
22 50
69 101
8 82
59 70
15 172
17 146
79 98
130 185
36 71
91 112
66 68
7 77
36 150
7 24
61 94
148 188
21 181
63 136
67 187
44 99
115 121
125 178
38 169
137 178
57 121
129 176
22 34
93 118
85 137
31 58
109 162
11 184
73 131
16 74
150 166
132 135
126 175
137 164
49 66
47 126
4 73
34 70
50 126
87 154
83 84
8 189
73 76
81 113
145 184
54 59
140 152
165 173
