500
2 2
1 2 77066358 74689120
1 2
1 2
2 2
1 2 50655402 9174409
1 2
1 2
2 2
1 2 91019970 98474940
1 2
1 2
2 2
1 2 51920158 10426080
1 2
1 2
2 2
1 2 31971115 97008278
1 2
1 2
2 2
1 2 8522685 50293381
1 2
1 2
2 2
1 2 74375645 549646
1 2
1 2
2 2
1 2 92280337 16749233
1 2
1 2
2 2
1 2 13091650 2636782
1 2
1 2
2 2
1 2 68432475 99817594
1 2
1 2
2 2
1 2 45885486 80182618
1 2
1 2
2 2
1 2 96186524 66152182
1 2
1 2
2 2
1 2 71999936 41263451
1 2
1 2
2 2
1 2 36484984 70423761
1 2
1 2
2 2
1 2 7749666 98871133
1 2
1 2
2 2
1 2 5333204 27053743
1 2
1 2
2 2
1 2 65106179 26061452
1 2
1 2
2 2
1 2 84498129 40360025
1 2
1 2
2 2
1 2 79016072 32286372
1 2
1 2
2 2
1 2 35647234 80764799
1 2
1 2
2 2
1 2 5452377 25768828
1 2
1 2
2 2
1 2 88825024 56837800
1 2
1 2
2 2
1 2 85009569 11647492
1 2
1 2
2 2
1 2 6983090 35585422
1 2
1 2
2 2
1 2 56052164 90129792
1 2
1 2
2 2
1 2 68610255 63145833
1 2
1 2
2 2
1 2 71540818 3401513
1 2
1 2
2 2
1 2 14333719 99692527
1 2
1 2
2 2
1 2 65444721 50792905
1 2
1 2
2 2
1 2 61350005 48119740
1 2
1 2
2 2
1 2 75079238 18599879
1 2
1 2
2 2
1 2 11750440 92614197
1 2
1 2
2 2
1 2 7630170 48870682
1 2
1 2
2 2
1 2 88329955 80486149
1 2
1 2
2 2
1 2 10173933 39026484
1 2
1 2
2 2
1 2 59211819 27583473
1 2
1 2
2 2
1 2 7401678 31197661
1 2
1 2
2 2
1 2 8563427 20718304
1 2
1 2
2 2
1 2 87090324 87443748
1 2
1 2
2 2
1 2 14116339 20241079
1 2
1 2
2 2
1 2 19419022 22013134
1 2
1 2
2 2
1 2 25663640 55880148
1 2
1 2
2 2
1 2 28720492 71752557
1 2
1 2
2 2
1 2 71744590 73518974
1 2
1 2
2 2
1 2 95756113 99046974
1 2
1 2
2 2
1 2 62302301 95441846
1 2
1 2
2 2
1 2 42276864 41527426
1 2
1 2
2 2
1 2 89701265 69805758
1 2
1 2
2 2
1 2 14705661 22020517
1 2
1 2
2 2
1 2 63185028 15169269
1 2
1 2
2 2
1 2 30896942 21103302
1 2
1 2
2 2
1 2 68496101 2173393
1 2
1 2
2 2
1 2 41024401 10302827
1 2
1 2
2 2
1 2 21657304 52210895
1 2
1 2
2 2
1 2 60113682 8374781
1 2
1 2
2 2
1 2 41903157 22249719
1 2
1 2
2 2
1 2 78986119 94295631
1 2
1 2
2 2
1 2 55370058 42202789
1 2
1 2
2 2
1 2 41293816 5204770
1 2
1 2
2 2
1 2 31992412 48417399
1 2
1 2
2 2
1 2 15818764 24119057
1 2
1 2
2 2
1 2 72593602 40456267
1 2
1 2
2 2
1 2 82412451 90231526
1 2
1 2
2 2
1 2 60183964 20513078
1 2
1 2
2 2
1 2 48300444 30990572
1 2
1 2
2 2
1 2 92058736 96986716
1 2
1 2
2 2
1 2 19744040 7619029
1 2
1 2
2 2
1 2 33027487 18460456
1 2
1 2
2 2
1 2 73709934 57070307
1 2
1 2
2 2
1 2 31847523 65657806
1 2
1 2
2 2
1 2 88537100 37370027
1 2
1 2
2 2
1 2 64619666 18834972
1 2
1 2
2 2
1 2 49972264 62719797
1 2
1 2
2 2
1 2 7408269 59754419
1 2
1 2
2 2
1 2 83483879 58724040
1 2
1 2
2 2
1 2 74354152 97013975
1 2
1 2
2 2
1 2 24778779 96251496
1 2
1 2
2 2
1 2 61274076 60704907
1 2
1 2
2 2
1 2 3104846 70716287
1 2
1 2
2 2
1 2 38412932 31632998
1 2
1 2
2 2
1 2 49852663 24901518
1 2
1 2
2 2
1 2 65080224 78497682
1 2
1 2
2 2
1 2 73934266 97226680
1 2
1 2
2 2
1 2 15908145 28104032
1 2
1 2
2 2
1 2 44205564 12091571
1 2
1 2
2 2
1 2 44779287 14056992
1 2
1 2
2 2
1 2 80123609 70456943
1 2
1 2
2 2
1 2 54101586 33903106
1 2
1 2
2 2
1 2 21112648 31588116
1 2
1 2
2 2
1 2 30428904 9171775
1 2
1 2
2 2
1 2 90979163 75216629
1 2
1 2
2 2
1 2 51346655 40658490
1 2
1 2
2 2
1 2 39368824 54813899
1 2
1 2
2 2
1 2 90579962 78822938
1 2
1 2
2 2
1 2 94807856 46330388
1 2
1 2
2 2
1 2 62111499 69186160
1 2
1 2
2 2
1 2 95559803 23121557
1 2
1 2
2 2
1 2 96853528 90564156
1 2
1 2
2 2
1 2 40975977 54273599
1 2
1 2
2 2
1 2 18454841 80802637
1 2
1 2
2 2
1 2 67795199 32777208
1 2
1 2
2 2
1 2 2634484 83395958
1 2
1 2
2 2
1 2 37759184 32785218
1 2
1 2
2 2
1 2 87628754 65826232
1 2
1 2
2 2
1 2 43031509 60429802
1 2
1 2
2 2
1 2 58055220 4105050
1 2
1 2
2 2
1 2 51582985 50682723
1 2
1 2
2 2
1 2 40089749 79799709
1 2
1 2
2 2
1 2 45050050 53693717
1 2
1 2
2 2
1 2 24459978 47060472
1 2
1 2
2 2
1 2 96569448 18625771
1 2
1 2
2 2
1 2 70763930 17510609
1 2
1 2
2 2
1 2 17904761 8675553
1 2
1 2
2 2
1 2 36217340 49955065
1 2
1 2
2 2
1 2 10421282 66688541
1 2
1 2
2 2
1 2 67104273 77940647
1 2
1 2
2 2
1 2 47150481 26357873
1 2
1 2
2 2
1 2 14323908 49599302
1 2
1 2
2 2
1 2 79710865 87518842
1 2
1 2
2 2
1 2 69042956 32963050
1 2
1 2
2 2
1 2 17089149 35104772
1 2
1 2
2 2
1 2 45218936 8194973
1 2
1 2
2 2
1 2 9342260 61847545
1 2
1 2
2 2
1 2 98833585 42809927
1 2
1 2
2 2
1 2 78177170 63277604
1 2
1 2
2 2
1 2 52226685 79347375
1 2
1 2
2 2
1 2 32932106 6516999
1 2
1 2
2 2
1 2 64898456 54759688
1 2
1 2
2 2
1 2 62524820 31965544
1 2
1 2
2 2
1 2 86329010 40531754
1 2
1 2
2 2
1 2 27260928 55697104
1 2
1 2
2 2
1 2 79460303 967927
1 2
1 2
2 2
1 2 94331667 97586315
1 2
1 2
2 2
1 2 2952245 27389429
1 2
1 2
2 2
1 2 84443721 48381382
1 2
1 2
2 2
1 2 90337147 53342764
1 2
1 2
2 2
1 2 76625876 35046821
1 2
1 2
2 2
1 2 43190796 20709888
1 2
1 2
2 2
1 2 6841229 68485563
1 2
1 2
2 2
1 2 88802823 29964870
1 2
1 2
2 2
1 2 22868100 67641469
1 2
1 2
2 2
1 2 250755 33324782
1 2
1 2
2 2
1 2 84707102 15582623
1 2
1 2
2 2
1 2 39486421 34673892
1 2
1 2
2 2
1 2 47536872 15397243
1 2
1 2
2 2
1 2 54512371 73582581
1 2
1 2
2 2
1 2 69163596 32885725
1 2
1 2
2 2
1 2 19262088 40525206
1 2
1 2
2 2
1 2 17637705 59900065
1 2
1 2
2 2
1 2 46415116 67147228
1 2
1 2
2 2
1 2 24872199 67929603
1 2
1 2
2 2
1 2 35193446 60749973
1 2
1 2
2 2
1 2 95421676 34368993
1 2
1 2
2 2
1 2 55694014 25934258
1 2
1 2
2 2
1 2 58859258 84216155
1 2
1 2
2 2
1 2 17672738 4932038
1 2
1 2
2 2
1 2 46296372 34982640
1 2
1 2
2 2
1 2 92106703 56195142
1 2
1 2
2 2
1 2 63427774 12397853
1 2
1 2
2 2
1 2 14598072 41286658
1 2
1 2
2 2
1 2 97929485 33988514
1 2
1 2
2 2
1 2 38410192 87953926
1 2
1 2
2 2
1 2 61439800 69194590
1 2
1 2
2 2
1 2 12195253 49654821
1 2
1 2
2 2
1 2 32359616 92301511
1 2
1 2
2 2
1 2 28979252 71336929
1 2
1 2
2 2
1 2 48618843 2982398
1 2
1 2
2 2
1 2 3563925 48971750
1 2
1 2
2 2
1 2 92206063 2445730
1 2
1 2
2 2
1 2 9845163 19854723
1 2
1 2
2 2
1 2 68929718 72760383
1 2
1 2
2 2
1 2 96306279 88747
1 2
1 2
2 2
1 2 40809764 7436068
1 2
1 2
2 2
1 2 89051591 98478933
1 2
1 2
2 2
1 2 69878175 16589248
1 2
1 2
2 2
1 2 97151856 28952433
1 2
1 2
2 2
1 2 67577166 95598212
1 2
1 2
2 2
1 2 11347005 83095278
1 2
1 2
2 2
1 2 74850605 17897604
1 2
1 2
2 2
1 2 17882268 86427275
1 2
1 2
2 2
1 2 34734273 27245878
1 2
1 2
2 2
1 2 43083441 95684508
1 2
1 2
2 2
1 2 82681844 55460222
1 2
1 2
2 2
1 2 18768782 29074340
1 2
1 2
2 2
1 2 34988749 49838983
1 2
1 2
2 2
1 2 86193392 59847448
1 2
1 2
2 2
1 2 59620078 52850750
1 2
1 2
2 2
1 2 96094086 8747412
1 2
1 2
2 2
1 2 16961709 10069449
1 2
1 2
2 2
1 2 53419989 77342783
1 2
1 2
2 2
1 2 35071714 49331415
1 2
1 2
2 2
1 2 94594197 91088699
1 2
1 2
2 2
1 2 78870048 78629592
1 2
1 2
2 2
1 2 82040792 92843489
1 2
1 2
2 2
1 2 72071590 82375776
1 2
1 2
2 2
1 2 46354938 48587937
1 2
1 2
2 2
1 2 1330303 12798299
1 2
1 2
2 2
1 2 74474035 44056263
1 2
1 2
2 2
1 2 80442285 48884266
1 2
1 2
2 2
1 2 679561 12548026
1 2
1 2
2 2
1 2 84438672 52390493
1 2
1 2
2 2
1 2 40481684 61589412
1 2
1 2
2 2
1 2 7868646 1541413
1 2
1 2
2 2
1 2 76351728 55512567
1 2
1 2
2 2
1 2 35498739 72025229
1 2
1 2
2 2
1 2 46154246 89437473
1 2
1 2
2 2
1 2 76298673 70159330
1 2
1 2
2 2
1 2 3823268 13411294
1 2
1 2
2 2
1 2 63775362 72970083
1 2
1 2
2 2
1 2 48351682 86318977
1 2
1 2
2 2
1 2 76191312 59834083
1 2
1 2
2 2
1 2 14058659 37622880
1 2
1 2
2 2
1 2 52625718 64636506
1 2
1 2
2 2
1 2 60813795 45187749
1 2
1 2
2 2
1 2 85700562 89179128
1 2
1 2
2 2
1 2 71873312 92223465
1 2
1 2
2 2
1 2 83866068 44610659
1 2
1 2
2 2
1 2 61938960 30626835
1 2
1 2
2 2
1 2 58310245 45598103
1 2
1 2
2 2
1 2 26672538 30713753
1 2
1 2
2 2
1 2 63990198 31846420
1 2
1 2
2 2
1 2 43847645 7210897
1 2
1 2
2 2
1 2 50983622 25426956
1 2
1 2
2 2
1 2 99238780 29246594
1 2
1 2
2 2
1 2 61760634 61294473
1 2
1 2
2 2
1 2 7022334 98377824
1 2
1 2
2 2
1 2 16691927 15133331
1 2
1 2
2 2
1 2 37919126 6999236
1 2
1 2
2 2
1 2 56252926 33259001
1 2
1 2
2 2
1 2 83129634 94140553
1 2
1 2
2 2
1 2 46187862 93337985
1 2
1 2
2 2
1 2 47198451 59608736
1 2
1 2
2 2
1 2 13540844 60785653
1 2
1 2
2 2
1 2 70237552 11257390
1 2
1 2
2 2
1 2 70296167 18911349
1 2
1 2
2 2
1 2 11012705 49940456
1 2
1 2
2 2
1 2 27080745 57946710
1 2
1 2
2 2
1 2 26451589 51956287
1 2
1 2
2 2
1 2 86561480 92513218
1 2
1 2
2 2
1 2 10739675 73529880
1 2
1 2
2 2
1 2 5840645 52226282
1 2
1 2
2 2
1 2 92846448 34282064
1 2
1 2
2 2
1 2 59394559 92416185
1 2
1 2
2 2
1 2 94081773 93821497
1 2
1 2
2 2
1 2 15521805 67777033
1 2
1 2
2 2
1 2 18623217 51392626
1 2
1 2
2 2
1 2 17671839 79210984
1 2
1 2
2 2
1 2 48239492 68742041
1 2
1 2
2 2
1 2 37040020 74830647
1 2
1 2
2 2
1 2 34155530 10962115
1 2
1 2
2 2
1 2 41680767 89124937
1 2
1 2
2 2
1 2 17992035 20553897
1 2
1 2
2 2
1 2 62109167 77397495
1 2
1 2
2 2
1 2 84416214 89360343
1 2
1 2
2 2
1 2 21087272 62248891
1 2
1 2
2 2
1 2 58930293 36045209
1 2
1 2
2 2
1 2 12575434 8427956
1 2
1 2
2 2
1 2 90425041 75772024
1 2
1 2
2 2
1 2 33757852 96466129
1 2
1 2
2 2
1 2 25217160 36041469
1 2
1 2
2 2
1 2 32557699 6747812
1 2
1 2
2 2
1 2 5913391 72658467
1 2
1 2
2 2
1 2 15164015 58300625
1 2
1 2
2 2
1 2 98476748 68599621
1 2
1 2
2 2
1 2 91600812 37033003
1 2
1 2
2 2
1 2 31133294 83759318
1 2
1 2
2 2
1 2 25917800 70604282
1 2
1 2
2 2
1 2 46197277 38313481
1 2
1 2
2 2
1 2 4470821 32677763
1 2
1 2
2 2
1 2 95698923 33408055
1 2
1 2
2 2
1 2 22673051 12370014
1 2
1 2
2 2
1 2 82919747 58000009
1 2
1 2
2 2
1 2 67125968 72861785
1 2
1 2
2 2
1 2 25795747 627261
1 2
1 2
2 2
1 2 93838666 76736491
1 2
1 2
2 2
1 2 17672759 75635849
1 2
1 2
2 2
1 2 58792488 18416808
1 2
1 2
2 2
1 2 82321088 59519310
1 2
1 2
2 2
1 2 21426851 26545203
1 2
1 2
2 2
1 2 34735970 14120427
1 2
1 2
2 2
1 2 34845773 57381227
1 2
1 2
2 2
1 2 38396583 56915663
1 2
1 2
2 2
1 2 96508711 44855893
1 2
1 2
2 2
1 2 53995214 68046661
1 2
1 2
2 2
1 2 7467975 69478745
1 2
1 2
2 2
1 2 61361564 50416794
1 2
1 2
2 2
1 2 76423170 94382757
1 2
1 2
2 2
1 2 3256188 87921958
1 2
1 2
2 2
1 2 62472233 53304514
1 2
1 2
2 2
1 2 93804135 22023488
1 2
1 2
2 2
1 2 97906979 77057374
1 2
1 2
2 2
1 2 76513127 92922639
1 2
1 2
2 2
1 2 67756221 69142422
1 2
1 2
2 2
1 2 23579629 88693843
1 2
1 2
2 2
1 2 84196700 88132704
1 2
1 2
2 2
1 2 58334634 49870820
1 2
1 2
2 2
1 2 88249261 13230549
1 2
1 2
2 2
1 2 66989636 18915216
1 2
1 2
2 2
1 2 46136381 80908540
1 2
1 2
2 2
1 2 45854700 78935767
1 2
1 2
2 2
1 2 8568020 85880970
1 2
1 2
2 2
1 2 51678058 81489929
1 2
1 2
2 2
1 2 51528930 81420166
1 2
1 2
2 2
1 2 51201621 39140318
1 2
1 2
2 2
1 2 75271877 95167819
1 2
1 2
2 2
1 2 6458560 57027148
1 2
1 2
2 2
1 2 58742710 14419139
1 2
1 2
2 2
1 2 12389296 97696156
1 2
1 2
2 2
1 2 48813309 61690474
1 2
1 2
2 2
1 2 63572922 14074831
1 2
1 2
2 2
1 2 95257237 27492429
1 2
1 2
2 2
1 2 2820435 6006165
1 2
1 2
2 2
1 2 78771433 9481600
1 2
1 2
2 2
1 2 15037640 50765810
1 2
1 2
2 2
1 2 74471158 17857332
1 2
1 2
2 2
1 2 22864210 53672833
1 2
1 2
2 2
1 2 19050413 32717222
1 2
1 2
2 2
1 2 46047207 13237286
1 2
1 2
2 2
1 2 3116019 23464442
1 2
1 2
2 2
1 2 32135183 59747952
1 2
1 2
2 2
1 2 14296273 93604291
1 2
1 2
2 2
1 2 69074984 7493835
1 2
1 2
2 2
1 2 91582162 95555562
1 2
1 2
2 2
1 2 31636992 32699440
1 2
1 2
2 2
1 2 21636462 11244591
1 2
1 2
2 2
1 2 68118604 67185040
1 2
1 2
2 2
1 2 99458274 48332345
1 2
1 2
2 2
1 2 91243423 8100952
1 2
1 2
2 2
1 2 6809296 85670581
1 2
1 2
2 2
1 2 58844000 97506430
1 2
1 2
2 2
1 2 70406608 45626991
1 2
1 2
2 2
1 2 77153854 46667700
1 2
1 2
2 2
1 2 53135590 56989032
1 2
1 2
2 2
1 2 70698369 52820460
1 2
1 2
2 2
1 2 65362359 67811610
1 2
1 2
2 2
1 2 76949480 86409158
1 2
1 2
2 2
1 2 89470976 56082660
1 2
1 2
2 2
1 2 3195835 15838574
1 2
1 2
2 2
1 2 43976819 20445076
1 2
1 2
2 2
1 2 45508334 98479894
1 2
1 2
2 2
1 2 69849135 75375271
1 2
1 2
2 2
1 2 51018660 63358529
1 2
1 2
2 2
1 2 15358364 27323617
1 2
1 2
2 2
1 2 6675300 46031558
1 2
1 2
2 2
1 2 22213654 18406264
1 2
1 2
2 2
1 2 515361 34489337
1 2
1 2
2 2
1 2 42481816 66989716
1 2
1 2
2 2
1 2 93749627 48506959
1 2
1 2
2 2
1 2 57720602 43404205
1 2
1 2
2 2
1 2 34239941 72659427
1 2
1 2
2 2
1 2 82240439 47500137
1 2
1 2
2 2
1 2 82379441 99925067
1 2
1 2
2 2
1 2 88079185 12340573
1 2
1 2
2 2
1 2 36159347 1214088
1 2
1 2
2 2
1 2 54557071 75028441
1 2
1 2
2 2
1 2 23102797 87047662
1 2
1 2
2 2
1 2 56345117 77521305
1 2
1 2
2 2
1 2 85464433 15517235
1 2
1 2
2 2
1 2 93374103 5040661
1 2
1 2
2 2
1 2 19154637 51672523
1 2
1 2
2 2
1 2 9034170 30557090
1 2
1 2
2 2
1 2 56351244 12177016
1 2
1 2
2 2
1 2 14993353 84470679
1 2
1 2
2 2
1 2 36744237 28379243
1 2
1 2
2 2
1 2 49989449 99056564
1 2
1 2
2 2
1 2 19626316 35300935
1 2
1 2
2 2
1 2 28173970 94091586
1 2
1 2
2 2
1 2 297534 91701453
1 2
1 2
2 2
1 2 78697836 58067
1 2
1 2
2 2
1 2 21439938 65215296
1 2
1 2
2 2
1 2 87818892 98256255
1 2
1 2
2 2
1 2 21985475 91652942
1 2
1 2
2 2
1 2 56470998 7144933
1 2
1 2
2 2
1 2 88308737 67380100
1 2
1 2
2 2
1 2 4761552 11088642
1 2
1 2
2 2
1 2 57052234 22793156
1 2
1 2
2 2
1 2 51169906 5650831
1 2
1 2
2 2
1 2 74873502 51707733
1 2
1 2
2 2
1 2 5821014 98326861
1 2
1 2
2 2
1 2 1811840 76507529
1 2
1 2
2 2
1 2 58707762 28367628
1 2
1 2
2 2
1 2 61145453 61120040
1 2
1 2
2 2
1 2 23325821 25205742
1 2
1 2
2 2
1 2 94045810 29483648
1 2
1 2
2 2
1 2 71783934 68634333
1 2
1 2
2 2
1 2 11135430 85908235
1 2
1 2
2 2
1 2 26587203 20766650
1 2
1 2
2 2
1 2 86255066 20240296
1 2
1 2
2 2
1 2 36029881 82542623
1 2
1 2
2 2
1 2 27739829 18459790
1 2
1 2
2 2
1 2 28696044 25135135
1 2
1 2
2 2
1 2 48089298 18687351
1 2
1 2
2 2
1 2 50872307 76012823
1 2
1 2
2 2
1 2 16290222 66115009
1 2
1 2
2 2
1 2 7365779 45608426
1 2
1 2
2 2
1 2 19288330 98338582
1 2
1 2
2 2
1 2 74230472 31816159
1 2
1 2
2 2
1 2 55824022 8580851
1 2
1 2
2 2
1 2 99998564 1632355
1 2
1 2
2 2
1 2 33568817 54931642
1 2
1 2
2 2
1 2 91316386 61156896
1 2
1 2
2 2
1 2 16707243 22168906
1 2
1 2
2 2
1 2 48818905 92322251
1 2
1 2
2 2
1 2 39836066 41282190
1 2
1 2
2 2
1 2 66727419 38034627
1 2
1 2
2 2
1 2 1566044 94185590
1 2
1 2
2 2
1 2 33386393 47229137
1 2
1 2
2 2
1 2 49001572 98508668
1 2
1 2
2 2
1 2 37027604 62750503
1 2
1 2
2 2
1 2 57252211 71932798
1 2
1 2
2 2
1 2 19265852 42662425
1 2
1 2
2 2
1 2 20509466 49524104
1 2
1 2
2 2
1 2 38393608 98612711
1 2
1 2
2 2
1 2 57811127 43475311
1 2
1 2
2 2
1 2 56628465 76844722
1 2
1 2
2 2
1 2 29235695 25516720
1 2
1 2
2 2
1 2 67796168 81012225
1 2
1 2
2 2
1 2 45839007 12484547
1 2
1 2
2 2
1 2 59287248 64085226
1 2
1 2
2 2
1 2 5460686 7242277
1 2
1 2
2 2
1 2 28428420 16695711
1 2
1 2
2 2
1 2 45829305 73090259
1 2
1 2
2 2
1 2 32658113 1066859
1 2
1 2
2 2
1 2 40124060 87925728
1 2
1 2
2 2
1 2 44996545 14412209
1 2
1 2
2 2
1 2 68343141 60747484
1 2
1 2
2 2
1 2 33028252 47132298
1 2
1 2
2 2
1 2 37814038 25774878
1 2
1 2
2 2
1 2 62304891 14479356
1 2
1 2
2 2
1 2 46690892 14736820
1 2
1 2
2 2
1 2 51876499 90300593
1 2
1 2
2 2
1 2 6762978 56916715
1 2
1 2
2 2
1 2 17238117 48802709
1 2
1 2
2 2
1 2 21731226 85353799
1 2
1 2
2 2
1 2 37866372 85940999
1 2
1 2
2 2
1 2 69804217 68086976
1 2
1 2
2 2
1 2 49347932 83261161
1 2
1 2
2 2
1 2 72790954 17527493
1 2
1 2
2 2
1 2 16321278 67241025
1 2
1 2
2 2
1 2 64054364 20466209
1 2
1 2
2 2
1 2 78770324 84786739
1 2
1 2
2 2
1 2 59514165 44147823
1 2
1 2
2 2
1 2 27258831 73954205
1 2
1 2
2 2
1 2 11594780 78812535
1 2
1 2
2 2
1 2 54421302 41626790
1 2
1 2
2 2
1 2 15511687 77747599
1 2
1 2
2 2
1 2 99445328 86931403
1 2
1 2
2 2
1 2 39327094 59867494
1 2
1 2
2 2
1 2 54771834 56900982
1 2
1 2
2 2
1 2 37889191 8857481
1 2
1 2
2 2
1 2 99275604 43421323
1 2
1 2
2 2
1 2 58722898 70683799
1 2
1 2
2 2
1 2 42090331 54634630
1 2
1 2
2 2
1 2 69250639 63737629
1 2
1 2
2 2
1 2 18515291 58078409
1 2
1 2
2 2
1 2 62086306 91318910
1 2
1 2
2 2
1 2 80342071 30244830
1 2
1 2
2 2
1 2 73755610 34246787
1 2
1 2
2 2
1 2 13287151 60723877
1 2
1 2
2 2
1 2 78633866 69993510
1 2
1 2
2 2
1 2 68974842 10480514
1 2
1 2
2 2
1 2 95414711 89604857
1 2
1 2
2 2
1 2 63680698 43884341
1 2
1 2
2 2
1 2 49949456 10720439
1 2
1 2
2 2
1 2 94092528 46383883
1 2
1 2
2 2
1 2 24256077 24994971
1 2
1 2
2 2
1 2 82197949 55749180
1 2
1 2
2 2
1 2 58526427 53531740
1 2
1 2
2 2
1 2 28981966 91296995
1 2
1 2
2 2
1 2 71448131 67312193
1 2
1 2
2 2
1 2 14317487 95734492
1 2
1 2
2 2
1 2 34007501 52044506
1 2
1 2
2 2
1 2 85177925 92537457
1 2
1 2
2 2
1 2 90681643 3301052
1 2
1 2
2 2
1 2 19761258 6930882
1 2
1 2
2 2
1 2 70202929 726250
1 2
1 2
2 2
1 2 91275225 14274390
1 2
1 2
2 2
1 2 93654903 60899613
1 2
1 2
2 2
1 2 63880328 73799087
1 2
1 2
2 2
1 2 93417074 35150754
1 2
1 2
2 2
1 2 67820315 58446748
1 2
1 2
2 2
1 2 5439150 5585319
1 2
1 2
2 2
1 2 14784030 33875045
1 2
1 2
2 2
1 2 25785129 27840834
1 2
1 2
2 2
1 2 14811655 47697797
1 2
1 2
2 2
1 2 96420944 59851245
1 2
1 2
2 2
1 2 87303827 17335415
1 2
1 2
2 2
1 2 6229500 26157295
1 2
1 2
2 2
1 2 7821123 53296967
1 2
1 2
2 2
1 2 97268876 58702480
1 2
1 2
2 2
1 2 42092925 15878650
1 2
1 2
2 2
1 2 91993705 17550449
1 2
1 2
2 2
1 2 21294070 23172581
1 2
1 2
2 2
1 2 82711602 25172241
1 2
1 2
2 2
1 2 31996694 71897107
1 2
1 2
2 2
1 2 1226910 21133178
1 2
1 2
2 2
1 2 24571679 83416887
1 2
1 2
2 2
1 2 18967580 74997252
1 2
1 2
2 2
1 2 10653569 43486198
1 2
1 2
2 2
1 2 89206252 44663286
1 2
1 2
