232
265
286
305
344
374
378
390
424
485
492
496
508
516
521
548
586
599
625
626
629
637
659
669
669
670
680
685
691
710
714
715
722
727
739
745
750
753
754
758
759
764
769
772
772
790
790
807
813
817
821
836
842
843
845
846
854
859
862
864
868
874
875
884
884
887
890
893
895
896
897
905
909
910
916
919
919
923
925
926
937
940
941
948
948
951
951
952
953
953
955
977
980
980
982
984
991
994
995
996
997
998
1004
1008
1008
1009
1018
1030
1036
1037
1039
1042
1048
1055
1060
1062
1065
1066
1070
1072
1075
1083
1084
1088
1094
1096
1098
1103
1107
1108
1111
1117
1119
1122
1127
1131
1137
1141
1142
1148
1154
1156
1156
1156
1157
1159
1161
1165
1167
1171
1173
1175
1183
1186
1189
1190
1191
1197
1199
1199
1202
1208
1211
1212
1214
1216
1217
1219
1222
1232
1234
1237
1238
1243
1251
1253
1256
1257
1257
1260
1268
1269
1269
1270
1271
1276
1277
1279
1280
1285
1289
1292
1294
1295
1296
1297
1297
1302
1304
1307
1308
1311
1312
1319
1319
1319
1320
1325
1327
1328
1329
1330
1330
1333
1333
1336
1336
1346
1351
1352
1353
1354
1354
1355
1359
1364
1366
1369
1370
1371
1378
1381
1382
1382
1384
1392
1393
1394
1395
1397
1397
1398
1400
1400
1402
1404
1404
1406
1408
1408
1409
1410
1410
1411
1415
1415
1418
1425
1426
1427
1428
1428
1429
1434
1435
1435
1438
1439
1440
1441
1442
1443
1445
1445
1445
1446
1447
1448
1455
1459
1460
1463
1463
1464
1466
1467
1467
1471
1471
1471
1475
1476
1478
1483
1483
1486
1488
1488
1492
1494
