31
25552492 221737170 280995148
183111442 651759130 969216934
216383881 393929517 388258000
123283700 27514816 789704521
522973477 705650651 373517539
280219660 296439351 10247096
554216026 871461171 727991567
753879764 510567312 915148811
377642054 924215373 889963146
210635014 372484133 822995169
882168975 664835148 902336999
603056553 602713948 822757418
658492460 32839859 478309159
695673256 963878798 34394723
684873887 4829254 878074105
695606009 852442623 595541641
493666743 697341105 627310402
771995712 201623208 971246325
660236211 2442147 730040905
217951522 212575724 158783807
554925633 465734087 977774841
899378289 415575699 114724901
365983891 71398402 589051760
386344854 418611615 512008280
618841222 950854922 860340503
56046226 707458131 482988231
983308802 165419438 748115710
559804147 40003913 340213735
413168462 305738209 289057530
420703157 699838715 645010417
800670558 366309928 104700200
126712623 127602030 557639252
815892614 800542919 262264999
858520380 905299085 643885961
644034988 136973147 523155497
389357386 703471048 828584136
560508095 293714115 326406728
670527259 420205159 18961046
102739356 926931184 713035194
896250116 688052881 663491963
857583387 204941412 871652959
586319957 421104830 238044848
412704672 23210710 736464993
668676230 252929954 343373669
660497191 477283571 446158446
101554200 651811549 342234441
414965131 112169658 732307003
7078530 532712584 864851706
359857138 941485559 121057269
138576486 69909099 171862464
298373182 76872458 695850146
404855125 661670249 102004406
60939960 537889924 346951896
349634949 764342217 449003315
383107708 52698113 740565051
210844452 405489816 205404632
496293126 149206256 686245751
890549421 93124844 379923504
787094874 744093003 560710407
774611288 95397632 208122114
430411442 286369346 861643584
468916591 497191012 327170975
199415181 495251633 316817134
702009681 496034336 878445805
352385530 196473839 108187717
954767410 628613462 304475233
92453579 154680426 760678306
831406153 794365331 637173035
285135684 336175647 957272548
302590036 448146454 327935436
674409988 655863277 126225306
366889888 629927557 897386763
905094319 13172181 123712724
795669455 98268413 198301358
319850126 913763593 134590009
693695516 541753401 543059926
150133478 840873895 198367695
980801402 388566990 917683190
69677827 480460444 133935918
29127842 836784234 561561566
403454105 218108609 259762463
529627397 750353965 880232085
789864287 483839865 788962631
178851557 409156085 464953153
714730470 240850945 68885592
226167240 984161347 135591796
244847691 735837357 936517974
696064331 362604865 25758806
467710459 314657977 417292971
445558455 873108127 524125235
879647513 724139003 569959423
870317355 974390760 862231683
300271760 218383075 755180902
