43
1 406862250 281764064
3
1 937723164 508394613
1
2 729236814 227476571
2 2
1 900644031 746583276
1
2 906168189 312883428
2 1
1 611688030 512965898
1
2 393477760 307059105
2 1
1 18435855 764968750
1
2 224695478 396665485
1 1
2 756049199 231572036
2 2
1 122131736 460972583
2
1 29196831 379237789
2
1 15141792 875402504
1
2 627387744 258358819
2 1
1 627348059 944539463
1
31 374941364 6834569
2 8 10 3 1 6 5 2 5 3 1 7 1 5 2 5 10 1 8 10 10 2 1 3 5 8 6 2 3 10 1
1 249406574 289608519
3
2 569234526 477616327
1 1
2 787800094 223312386
1 3
1 66824279 716723129
1
1 504275629 292692958
3
1 180032274 681524307
1
1 244403731 528226060
1
1 280173753 939184048
1
1 955268697 814244388
1
1 783028590 945726188
1
5 248731884 98457732
2 1 3 3 1
2 263417888 95157163
9 1
1 126259676 585839536
1
1 631204313 980679919
1
2 992019518 463806787
1 1
1 948452639 590234391
1
1 355881442 921741508
1
8 35536364 22484013
7 10 6 5 2 9 3 2
1 425775408 894415579
1
2 213887032 306332108
2 1
1 781411456 204293694
4
1 632787007 907620912
1
2 947767842 142244337
4 3
1 926625681 597757311
1
4 183421036 190641356
2 1 1 1
1 445730288 445162679
2
139 883288155 1313714
4 7 7 9 2 6 7 7 1 5 7 6 5 2 9 6 7 3 10 9 1 3 4 8 6 5 6 5 2 6 10 9 2 7 5 1 9 10 10 6 2 4 1 9 7 3 3 2 7 10 10 3 5 1 9 2 6 9 3 1 7 1 8 8 5 10 2 3 10 6 6 6 5 2 3 8 6 7 8 10 6 4 6 8 3 3 5 8 9 4 3 9 5 2 8 10 1 7 7 1 8 1 7 4 9 6 4 1 7 10 10 3 10 5 3 9 10 5 3 10 1 5 9 3 7 9 1 1 8 5 3 1 2 7 7 1 2 2 1
