1999
4 1106
5 299
6 1686
10 1570
11 1106
13 967
16 299
19 1999
21 1872
22 1690
25 1686
34 1623
38 1570
41 1548
42 1366
43 1356
46 1316
49 1315
50 1266
51 1106
55 1003
56 967
57 913
61 859
65 828
76 810
79 804
86 712
87 591
88 580
89 487
102 299
105 286
106 251
108 146
113 120
59 114
117 2000
121 1999
123 1998
127 1989
130 1981
133 1979
134 1973
139 1972
140 1952
141 1922
147 1888
148 1885
151 1872
156 1864
161 1844
162 1791
167 1776
169 1739
173 1723
177 1710
178 1693
179 1690
180 1686
182 1663
183 1654
188 1652
194 1647
196 1641
200 1628
201 1623
202 1610
205 1593
209 1572
210 1570
213 1562
216 1553
220 1552
222 1551
223 1548
226 1541
228 1537
229 1535
230 1526
231 1523
233 1509
237 1506
239 1474
240 1457
243 1451
246 1429
262 1423
263 1366
269 1360
272 1356
273 1337
274 1316
275 1315
278 1311
279 1309
282 1281
284 1270
285 1266
287 1253
289 1239
291 1214
292 1210
293 1200
295 1190
296 1177
300 1172
301 1171
302 1120
306 1119
313 1106
314 1087
320 1075
321 1048
323 1036
324 1031
329 1026
330 1024
331 1003
336 1000
341 988
342 973
344 967
345 950
346 948
347 945
348 941
353 922
354 913
359 907
360 887
362 870
366 859
367 844
368 828
370 810
371 804
375 777
376 775
382 712
383 711
386 676
387 650
388 642
392 612
393 611
394 609
395 608
397 600
402 591
406 585
408 580
409 554
413 552
419 538
423 530
424 522
425 487
426 482
427 479
428 478
429 460
404 431
398 438
335 439
332 440
319 443
299 444
286 447
281 449
256 450
251 451
172 454
171 455
170 456
157 457
150 459
146 464
129 465
120 468
119 470
111 476
99 480
64 483
59 486
47 488
3 496
499 2000
505 1999
506 1998
508 1993
515 1991
520 1989
524 1981
526 1980
542 1979
544 1977
545 1976
546 1975
548 1973
551 1972
553 1970
555 1964
556 1963
557 1962
558 1952
559 1946
561 1935
562 1934
563 1927
567 1922
569 1920
572 1912
584 1909
588 1904
592 1888
596 1885
601 1884
615 1872
617 1864
621 1860
623 1848
625 1844
626 1843
629 1841
630 1840
631 1838
632 1836
634 1829
636 1824
639 1822
644 1813
645 1802
648 1794
649 1791
652 1789
656 1778
660 1777
664 1776
665 1775
666 1762
667 1751
670 1743
671 1741
673 1739
674 1734
677 1732
682 1728
684 1725
686 1723
687 1722
689 1721
695 1716
696 1715
699 1710
705 1707
706 1705
719 1700
720 1697
724 1696
725 1695
726 1693
729 1692
730 1690
738 1686
744 1679
747 1678
748 1675
751 1673
754 1672
757 1663
758 1661
762 1655
774 1654
776 1652
779 1650
780 1647
782 1641
785 1639
792 1636
796 1631
798 1630
800 1628
802 1623
803 1621
806 1616
815 1610
816 1608
820 1607
830 1604
832 1602
833 1594
836 1593
839 1588
841 1586
842 1583
849 1581
850 1573
851 1572
854 1570
856 1567
858 1566
860 1565
861 1564
862 1563
867 1562
869 1560
871 1556
873 1553
874 1552
876 1551
877 1548
879 1541
880 1537
883 1535
885 1534
889 1526
892 1523
896 1521
901 1512
904 1509
909 1506
911 1503
915 1499
917 1490
924 1489
928 1487
929 1486
934 1474
935 1469
936 1466
939 1464
944 1462
949 1457
951 1456
954 1454
959 1451
964 1448
965 1447
972 1442
974 1441
979 1429
982 1425
984 1423
986 1421
989 1418
991 1416
994 1414
996 1412
998 1406
999 1401
1006 1400
1007 1397
1008 1395
1013 1377
1014 1373
1018 1372
1019 1371
1027 1366
1028 1360
1029 1356
1033 1352
1034 1350
1038 1341
1039 1337
1041 1330
1043 1329
1044 1328
1046 1326
1050 1321
1051 1318
1052 1316
1053 1315
1054 1314
1058 1311
1059 1309
1060 1302
1061 1293
1062 1289
1068 1282
1069 1281
1070 1277
1072 1274
1074 1272
1078 1270
1079 1268
1081 1266
1086 1263
1088 1260
1093 1255
1094 1253
1100 1252
1104 1246
1105 1242
1107 1239
1109 1233
1112 1228
1114 1227
1115 1225
1121 1214
1122 1213
1125 1210
1127 1206
1129 1201
1131 1200
1140 1197
1144 1193
1148 1190
1150 1186
1152 1185
1153 1182
1155 1177
1159 1173
1160 1172
1165 1171
1166 1167
1163 1170
1162 1174
1158 1176
1157 1179
1156 1180
1146 1181
1145 1184
1143 1187
1139 1191
1134 1198
1133 1202
1132 1203
1128 1209
1120 1211
1119 1212
1113 1218
1106 1219
1101 1220
1099 1221
1091 1224
1087 1230
1084 1231
1083 1232
1082 1234
1080 1235
1075 1236
1073 1238
1071 1240
1063 1241
1057 1243
1056 1244
1048 1245
1042 1247
1037 1248
1036 1249
1031 1250
1026 1256
1025 1259
1024 1261
1020 1262
1010 1271
1003 1273
1002 1275
1000 1276
993 1278
988 1283
987 1284
981 1286
980 1290
978 1291
975 1295
973 1296
967 1305
966 1306
963 1317
962 1320
961 1322
960 1323
955 1324
950 1327
948 1331
945 1332
941 1334
940 1335
937 1336
930 1342
922 1344
919 1346
916 1347
913 1349
908 1351
907 1354
906 1357
905 1359
903 1361
900 1362
890 1364
888 1367
887 1368
886 1370
870 1374
868 1375
859 1376
857 1379
853 1380
846 1382
844 1383
838 1384
828 1387
822 1388
821 1394
819 1398
818 1404
814 1407
810 1408
805 1410
804 1411
790 1415
783 1424
777 1431
775 1432
755 1433
753 1434
749 1435
745 1436
741 1438
737 1440
733 1443
732 1453
728 1455
727 1458
723 1459
721 1460
717 1461
715 1465
714 1467
713 1470
712 1472
711 1473
710 1475
698 1478
694 1479
692 1483
688 1493
681 1494
678 1500
676 1501
675 1505
669 1507
659 1508
651 1510
650 1516
642 1519
618 1520
612 1522
611 1525
609 1531
608 1536
605 1538
604 1542
600 1543
599 1544
591 1546
589 1550
585 1554
583 1568
580 1569
579 1576
577 1578
575 1579
574 1580
564 1584
554 1589
552 1590
550 1597
547 1600
541 1601
538 1603
534 1611
531 1614
530 1617
529 1618
527 1619
525 1625
523 1627
522 1629
514 1632
511 1633
504 1637
503 1638
501 1642
498 1644
489 1646
487 1648
482 1649
479 1651
478 1653
477 1657
474 1659
473 1660
469 1664
462 1665
461 1666
460 1668
458 1670
452 1674
448 1677
445 1680
442 1683
434 1684
432 1685
418 1687
417 1688
416 1689
414 1694
412 1698
405 1701
404 1703
399 1706
398 1709
381 1713
374 1719
372 1724
364 1729
363 1731
361 1735
351 1736
343 1738
335 1745
333 1746
332 1747
327 1752
326 1753
319 1756
317 1758
309 1760
303 1761
299 1765
297 1766
294 1767
286 1768
281 1770
277 1773
276 1779
267 1784
266 1786
265 1788
260 1796
257 1797
256 1800
254 1801
251 1806
250 1809
242 1812
236 1814
235 1816
227 1817
225 1818
224 1819
221 1821
212 1825
211 1826
208 1828
206 1831
204 1833
203 1835
199 1842
185 1845
184 1847
181 1850
175 1851
172 1853
171 1856
170 1857
157 1858
150 1863
146 1867
145 1870
142 1873
129 1874
122 1877
120 1879
119 1881
116 1882
115 1883
112 1887
111 1890
110 1900
107 1902
104 1903
101 1905
99 1910
98 1914
97 1916
96 1919
93 1923
91 1924
85 1926
84 1928
81 1929
77 1931
75 1933
70 1939
69 1940
68 1941
66 1942
64 1943
59 1944
47 1945
44 1948
33 1949
30 1950
28 1953
26 1955
23 1956
20 1957
15 1958
12 1968
9 1978
3 1982
2 1988
1994 2000
1995 1999
1998 1999
1997 1998
1996 1997
1993 1996
1992 1993
1991 1992
1990 1991
1989 1990
1987 1989
1986 1987
1985 1986
1984 1985
1983 1984
1981 1983
1980 1981
1979 1980
1977 1979
1976 1977
1975 1976
1974 1975
1973 1974
1972 1973
1971 1972
1970 1971
1969 1970
1967 1969
1966 1967
1965 1966
1964 1965
1963 1964
1962 1963
1961 1962
1960 1961
1959 1960
1954 1959
1952 1954
1951 1952
1947 1951
1946 1947
1938 1946
1937 1938
1936 1937
1935 1936
1934 1935
1932 1934
1930 1932
1927 1930
1925 1927
1922 1925
1921 1922
1920 1921
1918 1920
1917 1918
1915 1917
1913 1915
1912 1913
1911 1912
1909 1911
1908 1909
1907 1908
1906 1907
1904 1906
1901 1904
1899 1901
1898 1899
1897 1898
1896 1897
1895 1896
1894 1895
1893 1894
1892 1893
1891 1892
1889 1891
1888 1889
1886 1888
1885 1886
1884 1885
1880 1884
1878 1880
1876 1878
1875 1876
1872 1875
1871 1872
1869 1871
1868 1869
1866 1868
1865 1866
1864 1865
1862 1864
1861 1862
1860 1861
1859 1860
1855 1859
1854 1855
1852 1854
1849 1852
1848 1849
1846 1848
1844 1846
1843 1844
1841 1843
1840 1841
1839 1840
1838 1839
1837 1838
1836 1837
1834 1836
1832 1834
1830 1832
1829 1830
1827 1829
1824 1827
1823 1824
1822 1823
1820 1822
1815 1820
1813 1815
1811 1813
1810 1811
1808 1810
1807 1808
1805 1807
1804 1805
1803 1804
1802 1803
1799 1802
1798 1799
1795 1798
1794 1795
1793 1794
1792 1793
1791 1792
1790 1791
1789 1790
1787 1789
1785 1787
1783 1785
1782 1783
1781 1782
1780 1781
1778 1780
1777 1778
1776 1777
1775 1776
1774 1775
1772 1774
1771 1772
1769 1771
1764 1769
1763 1764
1762 1763
1759 1762
1757 1759
1755 1757
1754 1755
1751 1754
1750 1751
1749 1750
1748 1749
1744 1748
1743 1744
1742 1743
1741 1742
1740 1741
1739 1740
1737 1739
1734 1737
1733 1734
1732 1733
1730 1732
1728 1730
1727 1728
1726 1727
1725 1726
1723 1725
1722 1723
1721 1722
1720 1721
1718 1720
1717 1718
1716 1717
1715 1716
1714 1715
1712 1714
1711 1712
1710 1711
1708 1710
1707 1708
1705 1707
1704 1705
1702 1704
1700 1702
1699 1700
1697 1699
1696 1697
1695 1696
1693 1695
1692 1693
1691 1692
1690 1691
1686 1690
1682 1686
1681 1682
1679 1681
1678 1679
1676 1678
1675 1676
1673 1675
1672 1673
1671 1672
1669 1671
1667 1669
1663 1667
1662 1663
1661 1662
1658 1661
1656 1658
1655 1656
1654 1655
1652 1654
1650 1652
1647 1650
1645 1647
1643 1645
1641 1643
1640 1641
1639 1640
1636 1639
1635 1636
1634 1635
1631 1634
1630 1631
1628 1630
1626 1628
1624 1626
1623 1624
1622 1623
1621 1622
1620 1621
1616 1620
1615 1616
1613 1615
1612 1613
1610 1612
1609 1610
1608 1609
1607 1608
1606 1607
1605 1606
1604 1605
1602 1604
1599 1602
1598 1599
1596 1598
1595 1596
1594 1595
1593 1594
1592 1593
1591 1592
1588 1591
1587 1588
1586 1587
1585 1586
1583 1585
1582 1583
1581 1582
1577 1581
1575 1577
1574 1575
1573 1574
1572 1573
1571 1572
1570 1571
1567 1570
1566 1567
1565 1566
1564 1565
1563 1564
1562 1563
1561 1562
1560 1561
1559 1560
1558 1559
1557 1558
1556 1557
1555 1556
1553 1555
1552 1553
1551 1552
1549 1551
1548 1549
1547 1548
1545 1547
1541 1545
1540 1541
1539 1540
1537 1539
1535 1537
1534 1535
1533 1534
1532 1533
1530 1532
1529 1530
1528 1529
1527 1528
1526 1527
1524 1526
1523 1524
1521 1523
1518 1521
1517 1518
1515 1517
1514 1515
1513 1514
1512 1513
1511 1512
1509 1511
1506 1509
1504 1506
1503 1504
1502 1503
1499 1502
1498 1499
1497 1498
1496 1497
1495 1496
1492 1495
1491 1492
1490 1491
1489 1490
1488 1489
1487 1488
1486 1487
1485 1486
1484 1485
1482 1484
1481 1482
1480 1481
1477 1480
1476 1477
1474 1476
1471 1474
1469 1471
1468 1469
1466 1468
1464 1466
1463 1464
1462 1463
1457 1462
1456 1457
1454 1456
1452 1454
1451 1452
1450 1451
1449 1450
1448 1449
1447 1448
1446 1447
1445 1446
1444 1445
1442 1444
1441 1442
1439 1441
1437 1439
1430 1437
1429 1430
1428 1429
1427 1428
1426 1427
1425 1426
1423 1425
1422 1423
1421 1422
1420 1421
1419 1420
1418 1419
1417 1418
1416 1417
1414 1416
1413 1414
1412 1413
1409 1412
1406 1409
1405 1406
1403 1405
1402 1403
1401 1402
1400 1401
1399 1400
1397 1399
1396 1397
1395 1396
1393 1395
1392 1393
1391 1392
1390 1391
1389 1390
1386 1389
1385 1386
1381 1385
1378 1381
1377 1378
1373 1377
1372 1373
1371 1372
1369 1371
1366 1369
1365 1366
1363 1365
1360 1363
1358 1360
1356 1358
1355 1356
1353 1355
1352 1353
1350 1352
1348 1350
1345 1348
1343 1345
1341 1343
1340 1341
1339 1340
1338 1339
1337 1338
1333 1337
1330 1333
1329 1330
1328 1329
1326 1328
1325 1326
1321 1325
1319 1321
1318 1319
1316 1318
1315 1316
1314 1315
1313 1314
1312 1313
1311 1312
1310 1311
1309 1310
1308 1309
1307 1308
1304 1307
1303 1304
1302 1303
1301 1302
1300 1301
1299 1300
1298 1299
1297 1298
1294 1297
1293 1294
1292 1293
1289 1292
1288 1289
1287 1288
1285 1287
1282 1285
1281 1282
1280 1281
1279 1280
1277 1279
1274 1277
1272 1274
1270 1272
1269 1270
1268 1269
1267 1268
1266 1267
1265 1266
1264 1265
1263 1264
1260 1263
1258 1260
1257 1258
1255 1257
1254 1255
1253 1254
1252 1253
1251 1252
1246 1251
1242 1246
1239 1242
1237 1239
1233 1237
1229 1233
1228 1229
1227 1228
1226 1227
1225 1226
1223 1225
1222 1223
1217 1222
1216 1217
1215 1216
1214 1215
1213 1214
1210 1213
1208 1210
1207 1208
1206 1207
1205 1206
1204 1205
1201 1204
1200 1201
1199 1200
1197 1199
1196 1197
1195 1196
1194 1195
1193 1194
1192 1193
1190 1192
1189 1190
1188 1189
1186 1188
1185 1186
1183 1185
1182 1183
1178 1182
1177 1178
1175 1177
1173 1175
1172 1173
1171 1172
1169 1171
1168 1169
1167 1168
1164 1167
1163 1164
1162 1163
1161 1162
1158 1161
1157 1158
1156 1157
1154 1156
1151 1154
1149 1151
1147 1149
1146 1147
1145 1146
1143 1145
1142 1143
1141 1142
1139 1141
1138 1139
1137 1138
1136 1137
1135 1136
1134 1135
1133 1134
1132 1133
1130 1132
1128 1130
1126 1128
1124 1126
1123 1124
1120 1123
1119 1120
1118 1119
1117 1118
1116 1117
1113 1116
1111 1113
1110 1111
1108 1110
1106 1108
1103 1106
1102 1103
1101 1102
1099 1101
1098 1099
1097 1098
1096 1097
1095 1096
1092 1095
1091 1092
1090 1091
1089 1090
1087 1089
1085 1087
1084 1085
1083 1084
1082 1083
1080 1082
1077 1080
1076 1077
1075 1076
1073 1075
1071 1073
1067 1071
1066 1067
1065 1066
1064 1065
1063 1064
1057 1063
1056 1057
1055 1056
1049 1055
1048 1049
1047 1048
1045 1047
1042 1045
1040 1042
1037 1040
1036 1037
1035 1036
1032 1035
1031 1032
1030 1031
1026 1030
1025 1026
1024 1025
1023 1024
1022 1023
1021 1022
1020 1021
1017 1020
1016 1017
1015 1016
1012 1015
1011 1012
1010 1011
1009 1010
1005 1009
1004 1005
1003 1004
1002 1003
1001 1002
1000 1001
997 1000
995 997
993 995
992 993
990 992
988 990
987 988
985 987
983 985
981 983
980 981
978 980
977 978
976 977
975 976
973 975
971 973
970 971
969 970
968 969
967 968
966 967
963 966
962 963
961 962
960 961
958 960
957 958
956 957
955 956
953 955
952 953
950 952
948 950
947 948
946 947
945 946
943 945
942 943
941 942
940 941
938 940
937 938
933 937
932 933
931 932
930 931
927 930
926 927
925 926
923 925
922 923
921 922
920 921
919 920
918 919
916 918
914 916
913 914
912 913
910 912
908 910
907 908
906 907
905 906
903 905
902 903
900 902
899 900
898 899
897 898
895 897
894 895
893 894
891 893
890 891
888 890
887 888
886 887
884 886
882 884
881 882
878 881
875 878
872 875
870 872
868 870
866 868
865 866
864 865
863 864
859 863
857 859
855 857
853 855
852 853
848 852
847 848
846 847
845 846
844 845
843 844
840 843
838 840
837 838
835 837
834 835
831 834
829 831
828 829
827 828
826 827
825 826
824 825
823 824
822 823
821 822
819 821
818 819
817 818
814 817
813 814
812 813
811 812
810 811
809 810
808 809
807 808
805 807
804 805
801 804
799 801
797 799
795 797
794 795
793 794
791 793
790 791
789 790
788 789
787 788
786 787
784 786
783 784
781 783
778 781
777 778
775 777
773 775
772 773
771 772
770 771
769 770
768 769
767 768
766 767
765 766
764 765
763 764
761 763
760 761
759 760
756 759
755 756
753 755
752 753
750 752
749 750
746 749
745 746
743 745
742 743
741 742
740 741
739 740
737 739
736 737
735 736
734 735
733 734
732 733
731 732
728 731
727 728
723 727
722 723
721 722
718 721
717 718
716 717
715 716
714 715
713 714
712 713
711 712
710 711
709 710
708 709
707 708
704 707
703 704
702 703
701 702
700 701
698 700
697 698
694 697
693 694
692 693
691 692
690 691
688 690
685 688
683 685
681 683
680 681
679 680
678 679
676 678
675 676
672 675
669 672
668 669
663 668
662 663
661 662
659 661
658 659
657 658
655 657
654 655
653 654
651 653
650 651
647 650
646 647
643 646
642 643
641 642
640 641
638 640
637 638
635 637
633 635
628 633
627 628
624 627
622 624
620 622
619 620
618 619
616 618
614 616
613 614
612 613
611 612
610 611
609 610
608 609
607 608
606 607
605 606
604 605
603 604
602 603
600 602
599 600
598 599
597 598
595 597
594 595
593 594
591 593
590 591
589 590
587 589
586 587
585 586
583 585
582 583
581 582
580 581
579 580
578 579
577 578
576 577
575 576
574 575
573 574
571 573
570 571
568 570
566 568
565 566
564 565
560 564
554 560
552 554
550 552
549 550
547 549
543 547
541 543
540 541
539 540
538 539
537 538
536 537
535 536
534 535
533 534
532 533
531 532
530 531
529 530
528 529
527 528
525 527
523 525
522 523
521 522
519 521
518 519
517 518
516 517
514 516
513 514
512 513
511 512
510 511
509 510
507 509
504 507
503 504
502 503
501 502
500 501
498 500
497 498
495 497
494 495
493 494
492 493
491 492
490 491
489 490
487 489
485 487
484 485
482 484
481 482
479 481
478 479
477 478
475 477
474 475
473 474
472 473
471 472
469 471
467 469
466 467
463 466
462 463
461 462
460 461
458 460
453 458
452 453
448 452
446 448
445 446
442 445
441 442
437 441
436 437
435 436
434 435
433 434
432 433
430 432
422 430
421 422
420 421
418 420
417 418
416 417
415 416
414 415
412 414
411 412
410 411
407 410
405 407
404 405
403 404
401 403
400 401
399 400
398 399
396 398
391 396
390 391
389 390
385 389
384 385
381 384
380 381
379 380
378 379
377 378
374 377
373 374
372 373
369 372
365 369
364 365
363 364
361 363
358 361
357 358
356 357
355 356
352 355
351 352
350 351
349 350
343 349
340 343
339 340
338 339
337 338
335 337
334 335
333 334
332 333
328 332
327 328
326 327
325 326
322 325
319 322
318 319
317 318
316 317
315 316
312 315
311 312
310 311
309 310
308 309
307 308
305 307
304 305
303 304
299 303
298 299
297 298
294 297
290 294
288 290
286 288
283 286
281 283
280 281
277 280
276 277
271 276
270 271
268 270
267 268
266 267
265 266
264 265
261 264
260 261
259 260
258 259
257 258
256 257
255 256
254 255
253 254
252 253
251 252
250 251
249 250
248 249
247 248
245 247
244 245
242 244
241 242
238 241
236 238
235 236
234 235
232 234
227 232
225 227
224 225
221 224
219 221
218 219
217 218
215 217
214 215
212 214
211 212
208 211
207 208
206 207
204 206
203 204
199 203
198 199
197 198
195 197
193 195
192 193
191 192
190 191
189 190
187 189
186 187
185 186
184 185
181 184
176 181
175 176
174 175
172 174
171 172
170 171
168 170
166 168
165 166
164 165
163 164
160 163
159 160
158 159
157 158
155 157
154 155
153 154
152 153
150 152
149 150
146 149
145 146
144 145
143 144
142 143
138 142
137 138
136 137
135 136
132 135
131 132
129 131
128 129
126 128
125 126
124 125
122 124
120 122
119 120
118 119
116 118
115 116
112 115
111 112
110 111
109 110
107 109
104 107
103 104
101 103
100 101
99 100
98 99
97 98
96 97
95 96
94 95
93 94
92 93
91 92
90 91
85 90
84 85
83 84
82 83
81 82
80 81
78 80
77 78
75 77
74 75
73 74
72 73
71 72
70 71
69 70
68 69
67 68
66 67
64 66
63 64
62 63
60 62
59 60
58 59
54 58
53 54
52 53
48 52
47 48
45 47
44 45
40 44
39 40
37 39
36 37
35 36
33 35
32 33
31 32
30 31
29 30
28 29
27 28
26 27
24 26
23 24
20 23
18 20
17 18
15 17
14 15
12 14
9 12
8 9
7 8
3 7
2 3
1 2
1 2000
