1397
278 645
586 661
20 390
300 311
392 610
166 585
209 971
386 387
192 575
248 515
31 385
350 691
603 613
463 943
404 985
425 426
673 998
709 710
130 167
657 658
200 201
21 22
83 196
250 573
401 857
93 987
42 134
295 839
862 863
699 701
132 524
239 979
922 924
286 651
219 456
355 700
4 413
774 921
866 870
273 575
276 642
421 782
305 923
90 775
205 555
157 304
87 765
23 980
48 307
602 731
843 936
726 946
354 746
526 928
525 601
227 814
301 303
531 767
344 779
220 793
163 599
204 630
449 450
49 878
536 719
384 403
381 413
870 880
145 925
769 928
158 598
137 663
376 398
192 302
72 78
233 601
592 615
369 726
192 647
377 559
782 960
224 839
188 515
592 875
275 946
5 978
498 981
238 985
518 519
592 852
270 531
119 927
285 666
444 785
147 527
322 626
516 517
17 437
279 819
702 959
398 600
290 921
373 727
50 878
375 556
551 903
36 523
328 689
156 738
310 991
574 650
292 494
789 793
259 935
141 752
476 487
126 684
119 120
367 723
585 683
61 476
141 773
224 301
18 431
37 888
409 771
657 720
310 529
457 798
19 390
430 815
438 812
620 793
303 741
593 687
409 770
355 893
289 699
229 275
747 987
949 950
750 751
539 573
347 533
424 969
216 873
224 429
540 541
65 66
157 909
20 77
339 709
1 503
464 884
151 616
400 982
612 796
33 926
312 661
277 644
69 807
609 732
157 899
748 948
157 279
128 257
257 500
707 708
652 653
533 714
458 835
595 596
56 293
358 381
214 961
54 869
157 875
15 976
353 894
597 805
241 406
364 751
381 997
42 330
291 644
809 812
759 764
643 793
139 144
603 739
147 163
935 987
35 36
172 571
197 546
675 998
446 922
224 400
456 937
544 545
45 318
564 566
388 935
691 906
241 393
28 507
391 965
107 109
853 890
352 645
374 727
8 986
88 409
664 706
105 247
185 663
19 427
195 527
223 809
326 654
18 965
87 486
369 825
253 503
267 366
359 749
874 884
401 685
640 641
777 796
552 553
224 982
60 174
182 559
740 741
483 484
294 571
512 916
304 800
649 946
36 108
219 937
159 474
340 343
434 814
317 320
233 569
536 537
643 644
177 738
311 504
406 859
172 294
8 53
267 754
139 543
277 291
269 534
91 213
410 411
91 104
212 660
678 712
144 544
491 907
17 419
347 539
369 837
273 276
301 736
825 837
145 531
593 594
507 843
345 915
738 739
464 794
97 624
442 685
72 271
29 973
891 906
49 154
367 458
717 839
138 840
479 875
28 405
258 260
228 812
92 261
235 566
970 971
653 733
173 569
729 982
220 407
30 389
130 171
228 809
587 686
161 686
379 711
305 649
876 878
257 502
336 658
535 689
623 716
442 862
625 714
72 184
345 512
323 324
339 708
423 831
185 671
248 599
525 615
381 996
323 643
476 844
46 865
88 771
168 180
407 940
56 497
529 981
228 229
484 964
110 724
186 754
9 11
274 749
278 352
486 765
654 722
83 776
56 169
37 117
259 684
743 989
725 866
384 390
674 736
916 917
396 685
292 493
295 712
30 506
190 852
222 441
769 924
133 560
355 892
769 774
512 649
280 659
452 931
176 560
216 460
590 809
448 924
529 689
795 801
111 248
974 975
539 600
162 574
570 758
220 744
175 561
649 689
888 904
146 920
270 634
41 124
177 739
505 954
237 669
268 532
226 435
34 343
30 99
491 847
470 471
730 982
665 666
200 251
523 786
368 726
486 875
98 256
193 528
17 912
292 838
602 737
577 834
186 727
681 682
865 907
41 905
189 269
64 832
255 573
39 904
127 388
614 921
1 482
451 452
814 815
407 934
80 790
309 604
283 286
784 895
205 672
100 301
185 191
350 896
226 847
224 295
702 703
151 537
454 685
110 400
378 726
849 859
60 401
231 782
90 264
182 567
58 394
487 846
152 732
104 240
37 910
40 41
338 657
896 897
594 687
558 749
512 917
251 253
436 438
617 719
90 496
368 827
115 653
9 315
37 348
410 995
391 420
419 440
26 414
204 628
80 899
461 841
423 491
473 961
104 252
788 899
144 624
78 363
84 409
70 795
861 900
4 994
905 906
347 558
487 903
132 175
146 714
443 444
985 992
83 141
589 600
19 76
244 397
44 894
685 946
207 495
118 779
746 749
58 59
52 458
220 592
368 457
409 496
206 499
479 486
320 620
250 255
139 624
215 943
100 736
23 954
191 237
45 327
363 777
479 762
113 295
236 408
343 957
163 218
408 992
131 659
353 355
60 857
354 828
147 149
281 349
718 839
346 429
388 682
72 363
43 142
259 871
382 999
105 998
241 685
190 679
367 834
486 768
123 125
170 852
48 877
688 871
923 955
407 937
177 347
45 887
228 785
228 802
476 700
576 663
133 176
349 648
645 648
753 772
310 689
179 180
395 578
63 282
345 913
607 800
457 726
22 983
125 259
189 534
85 762
403 424
362 750
139 542
85 947
135 550
744 979
222 802
316 358
350 897
533 696
697 698
420 968
288 657
610 975
317 620
112 839
373 374
892 893
344 780
104 254
344 895
403 420
425 842
6 988
375 489
159 269
16 972
243 977
464 888
423 814
300 504
128 206
3 382
168 524
606 734
113 713
268 530
538 763
334 335
241 946
304 821
360 750
21 384
491 853
963 964
624 875
129 211
25 30
646 746
81 895
36 103
400 724
996 997
742 989
326 342
536 716
3 14
187 538
622 623
469 953
18 74
489 556
513 523
64 457
533 687
170 280
191 852
416 960
19 20
563 862
160 633
233 872
325 358
691 861
592 951
537 616
429 507
340 926
42 332
158 696
460 940
231 421
150 516
258 567
215 463
833 834
556 727
24 417
27 501
372 756
884 886
290 845
415 1000
24 952
401 497
457 832
379 951
216 940
168 179
865 885
118 344
428 831
5 472
325 986
492 988
328 933
754 756
32 966
236 992
316 319
67 909
159 627
648 789
54 298
217 528
435 847
440 972
111 599
785 802
729 730
367 833
668 669
513 918
112 717
592 935
509 615
31 101
111 510
580 667
928 931
918 919
67 813
305 955
651 789
377 816
547 908
15 68
843 938
69 272
379 693
159 198
508 971
81 784
399 948
17 73
938 939
3 999
55 454
932 933
239 242
531 852
2 10
657 774
37 351
171 572
157 363
479 759
689 946
141 776
429 506
728 982
49 299
105 673
787 899
225 831
316 836
510 511
51 884
934 937
644 793
233 294
230 970
407 748
191 285
470 761
189 882
22 384
716 719
346 952
48 876
167 208
358 403
275 592
160 631
752 773
91 301
127 680
429 592
129 664
91 262
496 772
275 691
27 945
132 561
744 992
360 362
321 322
504 604
582 679
246 578
586 604
133 524
105 249
258 867
54 378
241 419
30 402
450 928
97 194
935 989
391 403
429 843
187 901
977 979
237 285
579 580
539 578
224 303
342 654
380 562
230 964
315 325
565 851
230 963
42 136
363 796
742 743
441 802
35 523
190 191
451 931
43 900
442 454
235 564
871 935
16 440
660 662
45 907
31 310
41 333
135 549
334 614
54 164
886 911
6 319
218 518
119 871
411 995
683 686
505 649
54 956
583 825
356 746
539 586
725 878
732 734
319 988
170 575
388 681
831 842
466 948
704 705
390 403
170 211
599 615
537 766
224 592
358 413
145 270
275 491
96 989
130 572
967 968
194 541
220 347
614 774
406 849
744 977
458 797
704 959
220 748
220 769
579 667
265 559
588 821
317 830
853 889
951 959
18 75
573 578
337 658
596 690
47 866
464 886
84 770
480 792
130 601
162 650
18 391
54 165
63 178
289 848
12 529
283 651
15 453
190 686
241 392
273 640
42 891
308 604
260 567
358 820
787 788
270 637
47 824
59 394
493 494
632 771
613 739
412 415
675 676
95 987
824 866
191 663
748 761
461 723
285 665
347 536
485 970
769 922
331 921
69 909
65 279
533 690
82 895
467 469
315 358
279 304
403 946
423 815
345 649
696 714
883 911
186 556
31 991
394 396
230 744
396 854
670 695
198 627
167 554
407 943
63 303
1 253
312 313
28 942
12 462
530 532
748 961
138 459
296 314
188 898
140 276
210 881
509 524
190 667
393 851
60 284
488 971
159 914
621 719
316 978
156 605
177 558
235 524
8 325
111 511
496 875
656 742
895 951
144 545
250 868
167 601
135 197
55 864
388 998
574 757
30 94
257 525
888 910
413 994
141 624
229 995
442 863
642 735
353 700
37 962
344 951
150 163
150 517
177 732
455 934
418 960
31 102
188 248
598 696
289 701
393 406
847 853
241 440
162 575
147 195
122 871
107 400
229 960
275 700
514 959
34 957
237 668
122 688
443 803
513 919
522 953
290 331
568 835
617 621
536 731
507 942
221 455
214 473
304 822
581 831
887 907
276 575
725 876
128 499
504 586
358 946
935 998
497 685
253 599
221 934
364 365
132 235
48 153
582 584
211 212
289 698
447 924
795 804
131 280
85 479
396 855
449 928
813 909
537 731
28 89
496 753
5 993
208 554
555 672
591 807
126 259
66 279
32 930
363 899
36 370
145 638
545 760
826 827
744 985
149 521
210 970
201 251
308 309
37 114
542 543
339 959
987 989
546 548
120 871
40 121
33 340
904 908
197 509
610 974
748 953
15 392
220 774
335 614
32 535
29 936
605 738
487 700
116 694
692 694
388 680
98 303
31 383
203 205
755 768
415 808
182 570
807 909
606 608
626 793
846 903
193 217
634 637
157 592
559 562
209 488
2 969
211 664
361 429
149 520
361 950
186 756
691 905
479 764
677 730
302 647
725 870
491 865
56 860
49 306
328 932
183 946
496 775
361 949
465 977
268 474
92 93
2 478
371 756
500 502
429 501
629 773
459 723
387 570
244 589
265 377
549 550
676 998
96 944
104 301
199 525
228 275
95 747
23 505
718 721
25 506
687 690
133 168
63 98
273 641
259 858
366 754
292 525
135 509
269 474
321 626
783 895
303 740
439 809
795 805
111 929
194 540
382 403
140 642
426 842
611 731
889 890
199 207
152 609
220 230
294 601
535 930
804 805
275 725
723 726
230 971
655 745
483 964
654 789
217 474
620 626
288 338
274 359
98 234
287 922
116 379
638 639
45 143
70 801
305 505
371 372
663 715
289 697
850 851
843 939
504 791
481 963
691 700
723 946
146 625
24 79
182 186
46 885
454 864
49 155
295 713
104 245
203 509
501 506
44 353
45 148
281 648
854 855
160 204
275 464
635 768
186 347
161 587
471 761
242 979
238 404
162 192
177 734
160 531
197 548
339 710
883 886
423 842
106 982
145 639
241 610
324 643
2 13
412 1000
558 746
876 877
567 570
183 538
464 904
16 71
533 536
83 266
82 783
115 170
817 819
92 232
328 535
43 861
339 951
263 380
365 751
601 615
62 841
464 725
416 418
21 984
769 931
18 433
123 259
20 422
486 755
432 815
636 762
420 967
289 951
795 909
430 432
401 810
346 361
344 829
651 654
350 861
474 531
447 799
392 976
304 823
8 468
251 599
447 448
394 685
5 316
187 592
474 852
344 781
948 953
602 611
497 860
115 652
163 615
458 723
2 477
393 850
149 163
199 495
229 1000
459 840
336 337
314 619
368 826
667 679
43 329
608 734
61 844
480 481
150 218
705 959
419 912
42 906
128 525
194 624
382 424
940 943
54 297
204 531
313 661
246 395
203 552
205 509
539 589
586 619
115 280
185 670
49 50
243 465
12 57
658 774
279 817
2 424
157 795
821 822
40 905
227 434
670 671
520 521
619 661
490 997
557 879
523 649
16 445
745 989
340 689
378 869
409 875
628 630
354 356
199 292
721 839
339 707
39 908
703 959
347 592
210 485
870 879
369 378
182 347
1 7
170 212
16 990
800 823
175 902
913 915
96 745
645 789
386 570
289 379
217 268
575 852
287 446
62 461
11 315
40 341
275 423
141 875
69 181
36 357
220 789
319 358
90 202
203 553
268 856
513 649
693 711
5 38
100 941
51 874
12 981
390 811
92 987
190 683
225 428
995 1000
443 785
615 852
26 86
3 475
24 346
49 958
137 576
223 439
459 461
212 662
935 951
229 782
501 945
622 716
106 728
343 689
26 295
761 961
524 615
109 400
52 835
595 690
480 963
399 466
376 600
467 953
166 683
296 619
369 818
263 562
182 562
631 633
618 777
790 899
584 679
780 781
558 750
558 751
421 806
436 812
173 233
879 880
397 589
218 519
26 712
29 843
379 694
527 778
347 586
