21 18 1 1
313 372 281 279 228 154 39 236 137 14 198 211 324 184 255 27 352 90
351 120 148 301 187 10 318 358 31 259 313 110 208 50 172 225 164 281
262 221 338 40 211 373 139 204 274 107 147 234 100 24 9 13 293 304
257 100 135 359 377 25 217 175 95 99 126 242 151 220 280 149 348 199
59 59 237 91 371 328 375 326 57 374 96 166 12 25 307 123 231 33
59 296 9 312 224 12 79 252 335 266 133 91 297 167 371 378 350 332
166 256 359 241 44 320 332 139 157 155 10 358 56 174 132 128 364 255
175 167 311 285 87 148 377 229 161 72 130 50 353 335 25 376 288 95
180 119 175 114 67 259 193 63 325 272 207 228 128 39 170 228 366 291
196 23 208 26 69 377 303 255 308 14 13 169 185 207 311 159 212 237
73 311 251 150 154 95 219 196 123 3 102 78 97 250 316 109 154 105
253 217 212 165 14 55 229 377 167 367 14 179 256 280 314 251 329 271
53 196 17 94 202 191 348 362 217 269 350 4 163 155 57 165 322 332
79 162 258 122 107 292 85 348 185 58 219 378 144 349 100 126 105 193
329 49 92 348 336 161 298 87 240 80 370 218 156 332 311 143 186 239
262 321 309 9 201 302 31 322 198 99 302 83 126 220 65 222 58 76
4 177 101 210 302 69 311 123 37 230 259 66 258 168 313 169 6 348
245 274 216 259 304 97 363 258 4 4 9 160 10 370 145 124 25 354
174 292 236 106 151 91 17 58 153 198 5 198 65 155 4 312 151 313
221 201 316 262 255 187 117 182 74 234 362 83 42 50 347 213 66 118
337 186 206 111 287 101 206 160 199 1 251 103 348 140 242 186 221 358
