59 55 23 2
1909 2094 1065 2996 2934 353 2470 3058 2339 2203 719 1166 2687 624 2946 1990 1374 1644 2459 1247 1996 1655 27 1610 569 3028 69 897 2039 2735 2546 3040 432 2473 962 3066 2132 552 1844 55 427 1606 1045 670 1090 984 2424 2486 1956 1363 1480 2336 1358 2209 2223
2778 368 1247 2019 3045 350 3119 2837 1660 604 795 223 617 1413 1652 1022 907 1524 354 1214 186 3142 2212 775 1820 1406 1777 100 433 1854 2739 38 448 362 1018 12 2392 2467 1450 1996 2982 730 2457 1890 2320 2129 739 357 854 2080 1139 1423 2983 537 2129
29 2759 292 1521 305 359 1263 1013 2351 2337 1097 558 414 242 395 11 856 477 3062 2086 1103 1682 2735 1278 642 327 2908 692 289 2938 1838 624 2340 1794 1114 1292 2236 627 2101 2627 3008 628 542 3023 1878 1232 207 2329 721 286 93 188 2505 670 2937
1573 1461 3061 2107 468 2314 3231 2723 1552 1805 2160 1129 1634 385 1833 505 2378 74 877 2106 2537 3223 842 2708 2504 1211 2268 860 1588 945 3000 1044 410 903 39 1243 2748 555 251 1290 3062 3150 247 759 992 1688 586 2551 403 980 659 19 2331 3199 2127
2247 1665 1524 1371 2783 2466 872 1583 2241 2973 2023 2507 1103 2310 1637 379 61 1114 2514 1217 1504 1502 1591 961 1157 918 1334 3146 2927 1283 1854 2280 3104 3116 403 1329 1366 2155 1285 2732 2626 816 2785 683 1136 237 670 1797 3178 2285 284 2442 1813 2060 2175
205 2138 40 1539 725 2534 982 2749 1732 927 1808 1304 1044 917 2160 1226 603 1579 2001 1705 1151 3166 983 410 782 1204 2161 2909 532 1288 226 1982 554 1144 3027 2139 2171 3099 1934 2764 2298 1733 2151 657 2819 2631 2973 2732 2682 2992 1875 2140 1721 2101 475
2149 1955 2182 1276 882 158 162 2466 314 2165 499 1486 2560 2193 156 1380 2890 2493 866 3005 1637 1037 2159 962 1072 1473 1924 704 2686 716 589 1924 85 966 2687 1423 2207 2719 2760 2236 1731 2658 1234 665 454 2784 2725 1759 1394 3008 656 955 1969 2971 1858
255 2244 869 1654 2774 804 1993 147 1560 955 2234 2299 1527 515 2318 1557 1455 2254 484 1303 1799 1325 1266 1091 2027 2281 3183 1721 385 1356 1519 1204 425 1575 1520 1743 720 35 1274 1994 2856 818 1017 3225 693 2554 2852 915 962 1622 408 2659 1536 2957 2348
912 2446 1914 2661 2571 5 1273 297 3155 25 255 2432 2265 2790 1667 1423 3037 88 2014 2967 495 1341 2354 1347 180 2249 2412 3042 1771 1999 1272 2245 1632 2387 608 1614 1604 1167 2668 1247 87 2720 2247 335 1691 2701 1178 1085 566 1158 1966 1234 1350 2697 1953
2327 2139 315 1992 1122 1692 120 1049 2540 344 1614 795 2239 1763 248 509 2953 651 2059 1137 2890 1064 542 3119 1089 1409 731 1309 1702 2547 2313 2406 1119 2372 2838 951 82 441 953 216 1630 864 2235 2954 1012 2385 3073 2580 792 891 1120 1966 1118 2579 1094
2304 187 269 766 97 1381 1175 775 948 935 1999 2539 612 2145 3058 1708 520 2141 1042 2982 3209 2826 733 3007 2608 329 1719 2330 2740 2499 2184 3108 1031 86 2457 1256 554 753 1252 405 2334 294 150 1735 3016 2797 1634 760 985 1340 414 735 3189 1423 1681
2257 2736 2266 2512 2290 1804 1177 1446 191 102 2018 1936 1305 3072 2148 1920 862 1151 3105 696 819 1931 1826 2687 1965 1161 1388 713 2649 494 1788 3059 1671 3226 361 512 896 81 2594 679 2782 1644 702 2993 3241 1249 156 1461 1227 2805 220 601 1250 2262 3225
3234 308 176 405 2322 2968 2538 1147 2163 1104 889 1386 1880 2155 2742 1857 764 902 2081 2399 2055 981 2050 2794 717 2001 568 67 2898 872 2171 643 1838 1167 2190 2084 3052 1046 910 233 1267 2979 1495 279 1683 279 1532 2705 1773 37 423 3236 614 2724 3077
965 2773 1143 1240 3024 380 400 2265 1795 890 2573 2417 411 274 1447 554 1482 2562 3106 3173 1689 1271 3222 1881 185 2214 889 1851 924 195 2377 3221 183 1266 2463 2857 2650 64 1517 1721 777 2699 995 371 2290 2847 1491 738 728 1315 2344 971 2608 2690 2961
1446 1947 602 2401 3021 183 1909 2279 2615 1171 526 10 502 2480 551 2880 1974 789 1341 364 2982 2691 3153 1934 395 895 1168 2972 1855 15 419 1367 107 867 2159 2469 557 413 1757 2372 357 708 1106 6 1457 2315 1866 1457 2645 3018 634 538 1203 1861 1129
1947 1867 1097 856 2318 1830 2185 260 2807 1517 108 193 2057 2996 2571 1473 3139 550 113 350 1286 784 2174 2839 2753 668 992 303 1035 3150 2547 1801 378 3050 1998 1885 2859 90 1457 271 1744 564 1835 563 502 260 2519 1731 2299 513 2619 233 2740 177 1903
136 499 1238 2296 1804 119 3051 2215 3215 816 1357 1489 2692 1179 641 165 3082 2728 2347 2397 2927 1292 3020 2540 1201 1754 1399 3027 2958 2707 2791 397 1228 1567 302 1298 2039 2808 2482 3051 2404 735 2039 1502 194 302 1511 2257 2996 2641 2943 458 878 482 659
1958 2084 3034 2898 1261 148 928 1212 1316 35 2972 2879 2175 1235 964 619 1961 573 2203 1154 1139 2829 2484 479 3076 73 598 2266 809 1999 1902 701 916 3114 2908 2965 2472 177 896 2001 3043 306 2097 309 2652 2654 1536 1070 2591 309 1024 181 2378 211 1604
1496 571 2449 68 3083 58 1645 3031 2341 1955 1339 2562 262 2464 932 506 2761 1602 1084 2733 1315 197 2284 336 1094 2158 2332 2829 1112 256 2605 2795 252 1945 2326 2843 3235 966 868 989 3201 3124 2892 982 2331 1119 2461 916 1460 169 1879 2383 1800 1402 1056
2509 1779 2392 2454 2373 2178 2603 2122 432 2224 1669 1060 2077 2036 2899 1157 2614 2386 916 2209 724 1731 2931 2269 971 308 821 1072 181 2849 3234 1273 2626 2197 2544 1728 101 2036 1725 877 1731 58 2542 1479 2741 1187 2765 827 1534 1198 2580 1526 3163 736 197
2473 2822 2849 1197 523 1395 2333 26 1621 2126 1709 1903 2752 3212 2677 2398 1358 1668 1073 1623 2647 2438 2099 306 797 3129 2406 546 925 961 1228 415 1802 1805 519 597 2493 786 3121 59 302 544 2064 1356 1693 1659 2298 802 2423 2010 1706 978 2343 2391 22
1509 1259 2822 831 2604 3242 856 2088 2160 1096 1247 1467 965 2597 2592 93 2273 1113 334 771 85 373 755 726 3146 1985 2480 1820 2518 2309 60 2339 744 636 659 151 2744 2862 3016 746 301 1443 1593 1899 2419 1057 2365 3014 2185 974 1255 938 2324 1040 2862
2359 1729 426 929 1933 2798 1761 2903 1910 1088 2923 3212 2397 1928 1301 2981 511 1375 2688 2018 2306 980 384 1912 1455 663 2519 661 1050 2312 1835 1565 1064 1409 4 630 1019 3132 1631 2392 2828 893 1303 1523 1139 587 1782 2920 1561 2406 2296 2153 799 84 2375
1527 327 119 2009 10 522 2651 2688 724 187 1248 2235 292 2268 1728 607 2856 1016 1358 683 2859 2388 1489 2301 3092 762 988 1138 422 2721 1781 859 756 1478 830 3149 1628 1835 126 2741 646 1667 1507 1143 2371 868 1260 2489 2386 1426 10 1113 1311 2204 792
1962 120 1617 170 339 1209 2085 1391 1201 2085 1911 2692 3121 506 659 2429 3051 710 2981 354 2984 3074 2325 2395 312 1717 2470 2614 921 2125 2858 1765 1919 927 2876 1397 45 2579 2965 92 1958 2341 1939 2309 443 1898 2839 2417 1258 2105 576 2739 16 1140 3009
2162 2263 2303 1343 415 2701 409 3133 2986 195 692 1396 1043 360 500 1688 1096 2290 2545 1924 2272 2464 2308 2749 2753 22 3204 2477 1180 1567 993 1573 1350 986 1579 1455 3195 2786 2482 1503 1887 1347 454 2269 2948 3103 689 2623 3014 651 1043 2185 1032 1754 1577
1459 771 2400 2804 958 2867 1588 2682 804 897 1958 1757 852 2823 619 651 2807 816 1029 202 107 287 859 996 1085 1373 3014 2715 2094 2264 1384 3029 2598 2484 1641 2176 2818 666 2571 782 963 1801 1072 2615 1731 734 1637 875 612 2160 2450 1879 1758 2302 595
2737 1376 401 1557 740 2679 1159 1197 345 3225 838 3017 340 1319 752 507 2380 2088 1088 1918 1669 1475 2220 1677 2703 963 240 3111 2030 2184 607 2011 2960 2597 1316 1024 1588 3003 1442 3014 2678 200 2488 3106 1948 59 2872 1786 736 2461 1908 615 1764 928 228
1988 1736 3153 167 3122 1377 1739 720 1366 2474 835 1718 532 1466 662 1848 1374 246 728 2445 2175 2812 1707 2427 150 2039 415 14 3107 282 2199 69 347 1937 1359 1774 550 815 584 2568 2162 547 1173 1310 2313 1281 1109 2818 1794 1 1050 1890 501 2189 2535
2210 499 212 400 473 2596 1875 732 2317 258 689 3238 2695 1787 607 1521 755 1253 259 2793 596 49 1350 1805 532 2747 1850 1472 2412 945 1024 1253 1604 2622 1303 805 415 2777 294 1217 2874 2170 120 2706 1661 1721 875 1317 2878 2430 1219 1445 657 1338 2681
1601 1396 333 756 144 1921 75 594 1345 2900 1612 1812 2103 1461 3083 620 671 547 2009 965 1545 1014 1408 1664 2988 746 498 1898 341 2816 2381 473 2158 2482 436 1960 645 1145 1501 1878 1911 2670 582 176 2911 2303 1102 2905 800 812 740 997 2351 192 636
412 475 1948 2601 3010 2986 522 926 2402 843 1759 610 863 872 1394 1816 1750 1445 2231 1509 829 2655 1544 741 2890 2590 557 961 1390 2472 2412 1502 2469 1521 1292 2723 1243 2841 1552 1222 913 2025 1911 159 2027 331 1461 646 1440 1625 342 2140 2756 2012 2041
793 679 3204 3099 2951 2134 1085 1914 85 1827 922 2914 1713 3131 236 799 2752 2192 3181 298 2946 1847 2735 2479 1673 738 1952 2423 2415 3240 2478 1011 750 1491 1653 3168 1144 2739 2234 2528 662 2153 1413 657 2499 2028 13 1624 824 831 745 981 380 1311 107
247 2469 109 1902 2846 1022 2225 740 821 856 835 861 1960 751 1051 1518 1771 3175 783 2538 2802 2066 2885 1279 2282 436 1489 975 2366 738 737 85 2472 1125 2434 520 1749 539 3059 2068 1846 898 1544 213 2426 3072 2716 1277 1136 2610 1733 873 917 64 691
1469 2498 3077 1225 2062 755 1586 3195 1669 1428 2785 189 1488 2311 1258 253 2809 1840 1670 2105 433 1865 1112 1719 317 1630 1462 675 1838 2112 115 489 1025 385 2975 510 1278 2265 761 684 1363 1565 3236 237 1747 3120 3140 862 1616 2673 2565 2847 2715 1176 887
2703 2283 1266 616 613 2031 2700 1285 873 2795 2047 3021 1944 2694 2801 392 298 379 1064 2680 2215 758 1200 765 1844 1033 236 2793 1479 3142 276 2669 3058 2464 2642 726 294 3200 1774 1844 6 982 2551 573 2070 1636 2723 1098 635 1262 1292 1359 2338 26 2256
1483 1595 792 928 1654 2190 2703 3210 2519 225 1784 1774 3014 1641 1762 2363 2753 3028 593 844 1949 993 2949 2385 2631 3053 1943 1974 2446 2768 199 756 102 2354 1633 2031 2256 2190 682 309 1021 2936 2030 1891 2243 1069 1980 2123 512 1127 2497 492 2884 841 671
1596 3243 2393 2205 799 257 1695 2798 3074 2193 210 24 83 2235 1239 2670 649 2473 2087 1803 742 3100 2011 481 2822 2520 359 2307 1659 1997 95 2982 2296 2782 530 597 2047 649 122 2539 3087 1065 1404 1012 374 2809 2195 1488 2880 620 870 450 1373 2948 2804
1529 2426 1924 1312 2929 1092 1150 261 2472 1714 2827 67 410 1015 3245 1692 1468 2269 2820 271 287 2014 369 511 2886 3133 1707 418 2423 1637 701 102 2499 1583 1581 1438 353 533 3109 1063 329 2949 1741 2508 19 1249 1771 391 1876 1018 3086 668 2254 1469 1682
59 1078 102 536 1223 2806 2021 174 1884 107 878 74 2586 920 1215 2808 1243 3207 2503 2617 1235 571 2699 16 3194 1730 1575 1547 1636 2972 2659 2126 969 2309 725 1595 1364 2 2580 2343 1792 1103 2711 1803 2433 2952 2454 787 1461 1713 835 2399 2692 3043 2992
2868 167 882 1854 537 310 989 2256 1500 396 2124 3044 1729 1562 2064 2395 1260 2729 76 718 245 1495 846 1123 289 1063 2306 2619 1431 561 1710 2602 2398 1426 1061 1926 1805 2692 1021 2835 1171 252 3033 49 1091 22 473 2182 2471 159 186 2781 731 1251 1803
1223 2600 2869 128 2303 3097 1713 2686 211 2692 1754 2646 2440 2728 2307 1659 121 2172 2870 199 2139 1720 2330 103 2614 2412 1063 2626 2102 2023 1294 2259 1518 532 2356 310 3016 996 1153 3128 2263 745 3171 4 2930 2109 3146 1573 320 291 554 360 2324 1092 1590
262 2321 292 2376 383 2870 505 853 2591 141 1263 124 1744 2942 2929 1849 1189 3032 1336 2847 1217 2502 147 2333 871 86 524 10 3183 3201 1874 702 2074 409 3090 1533 1355 1147 228 501 2815 3013 1261 1698 2102 1551 1900 419 2066 530 1825 1302 1210 2281 1857
570 2724 3022 3058 2849 497 997 1710 2419 1964 2982 1584 1457 548 1441 3184 603 2945 506 2541 1084 734 1579 891 374 3225 1774 892 892 1995 2734 3197 2067 155 1388 2392 1685 305 2719 1190 1327 1809 589 1704 2596 786 510 213 2679 3028 288 386 1113 2097 1843
3189 2802 57 2119 290 415 1035 2801 1850 373 203 394 2197 3227 90 558 1505 1181 1369 1847 512 2456 1240 541 2189 2981 712 1599 3164 638 119 1518 3097 476 2933 566 156 2353 670 303 1138 516 492 554 237 2185 1317 2840 2434 1638 1440 819 909 1991 2915
2843 2674 91 2567 734 2639 2063 2029 2629 1790 1833 2230 617 323 1960 998 2491 2081 825 1059 1605 730 1946 1683 2535 504 2328 1775 1206 1741 505 2779 1391 2469 707 2151 537 2171 570 2752 785 1700 2847 2057 1812 1261 1110 2876 1079 3245 1883 1991 350 1371 2607
2241 2643 2913 2922 1962 2299 3166 1795 3163 3096 3087 2044 1975 218 3237 2949 533 2442 1470 656 695 1749 2963 3168 1631 1927 1097 3040 1118 800 1554 2280 863 248 1987 2569 2699 55 1839 1403 1137 2861 662 1312 289 3069 3076 1920 576 1247 234 2439 1479 330 3041
864 141 178 3106 1800 631 1821 2279 2944 1792 1760 1793 2254 464 1010 461 1527 1664 1122 1948 656 684 739 1932 695 2366 3027 2181 3235 773 1557 1195 2565 3163 1429 700 816 3093 168 1896 3171 1911 2217 1169 1576 1528 2745 2706 2296 1065 2068 1877 1142 1413 1345
238 2278 2893 1676 2862 253 884 2557 3076 2680 1197 2510 2860 2678 485 1211 639 1945 1634 861 2524 576 1313 787 2671 2847 2333 622 2691 2446 2535 1827 946 3045 500 3126 965 3101 3016 651 1547 2900 1042 231 1144 1091 1416 150 1726 1511 553 2348 1595 3219 1113
982 178 471 556 2623 2382 327 2638 1903 2956 209 1652 1178 1209 2283 2587 366 1609 1934 2286 630 996 2490 2952 2895 415 2261 1828 2463 434 1298 2510 1049 1252 1690 2654 2102 1588 631 1889 1049 1729 2197 2537 161 1716 188 2543 2192 1281 2743 2557 2177 2704 1652
636 772 3015 531 110 502 1997 822 3126 1739 633 3185 20 497 1985 1927 3168 2394 2947 2935 1917 325 1939 1580 2971 2023 710 2993 2829 934 2169 1397 1710 17 1612 1975 2981 2266 179 821 2067 3112 1356 1927 71 117 2929 1576 2673 2082 2242 1336 2312 1528 218
3082 1944 566 719 2382 2733 1557 2877 2330 158 1570 981 895 92 647 576 2907 1341 2973 59 2322 1873 1946 233 619 935 1745 562 242 1258 1065 1874 2488 2202 2201 759 323 1573 619 790 676 2437 2799 1667 2901 199 697 1621 1205 2174 2010 1428 1062 2695 2835
2473 550 1532 2222 552 442 390 760 131 1697 996 2875 2842 2658 426 925 1940 2201 739 367 111 1511 2192 2542 1399 2874 2948 3162 1156 2747 13 2017 162 2722 2523 807 2095 1985 3044 1453 51 517 3023 1261 269 430 2114 2960 1885 1009 2484 93 2581 1072 2265
769 125 936 904 207 2010 263 7 2094 2180 1968 60 2061 261 1123 3204 1674 1307 2387 2539 2014 924 2204 299 3155 921 864 3124 292 3025 1837 848 2759 2089 3151 2198 1374 1915 554 2994 582 2414 105 1619 325 178 2583 2678 680 251 1273 1283 77 2550 204
628 1932 1541 1216 1830 1236 1348 2594 2485 1033 3046 2046 1571 2725 1639 1568 2676 1149 942 1419 73 2878 2233 2825 3194 1045 2911 2357 2503 1563 378 1726 2468 2371 1696 2410 2453 1451 1020 1940 339 798 2139 1940 3007 1262 2139 153 180 2537 379 200 40 1813 777
1271 1921 136 2993 187 1153 265 2729 2637 2718 1614 2493 1634 3021 100 664 3188 2201 249 1837 3181 2347 1848 2648 170 1243 3122 1841 2964 1055 3207 1067 2972 227 3186 833 403 2325 606 1701 1898 1685 223 3025 2660 2733 734 516 1231 1404 1437 443 2466 1300 2124
1622 1691 3179 3070 1701 1797 850 2483 2074 1438 2829 1136 2060 334 1940 342 1049 1755 464 804 1005 51 2943 595 1017 2072 2253 313 2533 2599 2287 34 176 814 439 2345 1053 342 463 2927 692 2343 3209 2871 232 619 701 1576 1557 2886 3172 898 554 782 1908
1717 1699 2886 2559 3216 2506 1292 175 971 1932 1876 1935 2911 1168 643 82 2958 2525 358 1719 2739 251 297 1066 589 2953 2985 2609 2541 2806 66 864 2397 319 146 1488 1465 2273 2294 772 1465 1923 3176 2958 400 68 731 979 406 1687 633 2569 381 3040 1049
3105 3188 275 183 1195 1705 2740 2682 170 3121 1983 2058 3059 2649 2575 3165 3053 2639 839 2002 1862 1628 274 691 2826 530 1018 1508 2722 2812 2575 95 1131 3036 2781 2824 2264 754 1603 2725 1650 1585 1214 2505 565 2203 2405 1306 55 1857 2519 1738 2679 2798 2063
