18 20 14 18
243 216 292 147 88 7 323 335 148 130 247 326 113 298 129 27 37 47 329 102
219 166 43 232 214 321 341 155 194 268 66 329 124 48 297 340 317 287 350 269
313 161 322 27 222 94 110 238 224 9 60 278 333 351 132 45 83 233 170 306
135 254 144 305 152 336 76 292 220 163 335 211 141 176 299 221 301 186 341 231
107 288 348 344 353 181 48 162 155 86 327 325 348 289 351 137 253 68 214 161
300 339 46 136 30 116 316 320 354 323 134 135 84 342 106 302 142 212 148 89
95 86 156 119 262 354 110 202 209 278 71 162 191 312 18 344 74 251 114 188
81 68 76 294 122 304 263 340 173 311 275 147 301 109 184 171 312 352 360 300
167 47 93 302 61 143 342 352 30 360 285 264 96 303 51 77 126 129 130 305
75 115 145 179 172 276 282 160 346 207 34 203 236 317 294 285 277 273 183 119
109 170 247 344 271 51 61 249 132 70 145 95 146 153 254 91 140 175 80 257
192 141 322 43 275 221 79 337 56 263 333 234 128 40 146 209 147 95 359 142
16 178 84 110 81 352 57 46 20 226 305 352 59 152 258 187 222 55 318 355
181 286 51 225 307 246 212 12 49 231 176 245 221 310 227 232 357 182 75 320
265 276 138 92 289 270 121 268 201 207 168 207 7 149 257 326 61 314 231 245
16 337 178 299 156 195 338 91 317 204 269 233 300 292 4 192 165 351 21 75
81 84 259 228 264 217 13 113 320 230 60 350 261 330 185 289 301 75 133 313
237 209 339 271 298 186 166 31 307 37 283 257 336 230 106 89 234 27 167 47
