127 113 72 17
13527 2255 148 6876 10952 3346 11224 8646 1391 9868 10550 13363 12189 3615 12290 13977 4003 10280 10405 8339 3405 4254 192 3922 13270 7870 6222 1243 9919 14316 8542 5724 4587 11964 14127 5133 465 3100 10573 14222 801 11346 3062 1395 5956 11919 6668 6497 11701 7167 582 5626 141 6920 3974 7312 8077 14027 13968 9631 13393 4098 6748 10106 643 451 6205 12224 11447 13413 12195 11442 4869 3442 10128 6395 14146 5203 13423 11287 5023 9799 12666 9967 10282 9587 12496 4309 6920 10412 14236 13229 3203 2037 3541 14319 13305 11201 13374 8355 3297 241 12175 5871 8679 2959 2689 8659 7888 7158 11772 4203 5351
3857 8758 5917 3858 4421 1764 2126 10784 13835 331 11116 5634 14294 3817 357 13044 3285 4345 8633 7688 13107 3700 10285 9626 6187 12941 13001 7840 1681 10348 12890 10511 217 4170 11617 4347 5531 12734 11812 765 2241 3792 12373 6611 2832 3107 4620 9147 12613 13227 5045 12664 11410 8995 3479 13231 13017 8345 986 10690 8320 9236 9820 7326 7578 10409 175 2767 3187 12372 6173 2601 10332 4625 5918 6270 13787 4716 13539 6589 11825 4828 11964 12674 7088 4097 1088 8964 9939 2138 4711 4572 4045 13061 3001 5769 7214 2782 6426 1150 7501 7275 4500 6884 3723 11369 12562 4036 1987 9333 9603 7464 738
3318 7765 1950 4096 2797 7735 11497 11350 8941 9965 408 2652 11429 12340 3769 10969 10286 8063 11939 10837 267 3179 6644 231 4406 11403 11979 10620 1882 1246 13314 9935 434 12525 12049 616 11176 12350 6146 319 1822 1719 5763 6501 10562 8034 3644 1010 14160 5288 4738 8515 665 13968 7549 2296 7230 6504 6127 13213 4387 5314 13951 12773 9554 10289 7491 13283 11911 11120 9800 11144 4897 4947 5668 9132 8836 826 13454 5123 6992 10395 6047 10676 4999 615 1646 5785 1533 7155 70 1465 10990 8239 4848 11579 5640 13957 2257 6828 12267 5846 13147 8215 1578 7678 860 3375 9642 13672 12116 7327 12979
6328 8901 9960 1909 11701 12305 10654 2604 7024 4258 4428 12341 2280 10962 13446 13062 2735 993 1720 9171 11494 4436 1859 14304 409 5399 7866 2281 9836 6438 3653 7000 13678 2107 2736 3895 11178 8304 9054 13998 7434 13028 1816 10432 58 2685 315 9704 10053 2520 10270 7284 8670 2351 12499 11942 6638 14141 9738 42 962 6354 5150 1057 8209 6124 2288 1213 4702 3421 8723 12345 7516 10347 14160 5221 1426 1565 2911 7712 5431 11540 5685 9658 7603 6992 6595 2302 11866 261 6297 3179 11735 12255 9816 3613 3438 3456 96 10809 11589 8304 9325 1816 3280 9903 10388 13988 790 12921 6090 1730 3189
9632 5975 6720 10470 8043 3422 8008 12979 1302 6605 3529 11535 11177 604 7376 1255 8426 3919 14167 284 9880 2544 312 2667 10167 682 6685 8007 6747 5030 3660 13900 11083 3059 4241 4387 4873 12034 6584 11928 7010 10542 10259 561 1481 8477 3746 8099 9561 8546 9315 10977 7020 8824 10471 175 7607 10325 8474 6351 4372 5901 7938 9559 7254 14326 15 417 3178 4529 5062 266 6056 12795 2568 5316 3673 13102 12293 11701 11590 5429 10404 3695 1084 8281 12626 10471 12243 1739 2882 7017 3571 9743 13348 1888 10068 4251 7635 2033 3633 2089 8138 1033 5811 5347 4510 10350 4414 3108 4975 11 7710
1588 1706 12199 10526 7325 11699 4169 7625 2462 1565 11783 10624 2670 10987 5867 12306 7599 8719 8897 11225 3555 5881 10742 13556 10483 3409 13342 4242 10651 2657 12469 12817 3812 3698 8545 8124 8641 10614 119 13421 13535 9394 8800 9461 5534 406 7257 9750 332 9120 11561 2183 6899 10989 706 4027 11500 6839 5148 3843 13502 12711 7314 13766 3045 3507 8815 13787 8472 6891 10263 9701 14224 12304 1178 1926 10328 5614 385 5336 11585 13630 6602 3767 12145 13013 10241 680 8430 507 10247 11013 8049 5662 2706 6759 12568 8952 12249 12396 8148 13774 5877 1756 360 1667 14317 805 5753 2965 1169 14033 6667
2817 2059 8924 13113 3606 1958 6795 9308 4334 3977 9284 7156 13240 632 5504 3134 11267 11926 8881 6135 4853 10308 12651 10910 1102 8974 7500 4320 3259 14345 3970 9537 9640 7520 12199 8521 12548 6063 12825 99 14010 10838 10465 9202 2879 13859 1799 9232 7575 686 8853 3210 7648 1305 13714 7566 12531 5253 3162 9209 7432 10225 9970 7590 10564 7320 7786 11051 5173 1395 13059 2727 10188 12755 14266 3905 5175 959 10794 5676 1649 7867 224 10307 2785 7600 2271 6304 5194 5840 9656 1774 7764 4881 2910 12068 6934 12208 10916 8295 12793 7301 12528 4747 3388 513 6019 10240 10658 132 12758 3821 8438
10776 9380 688 9954 9772 2405 8382 4776 13609 4248 2738 75 13834 14257 5078 8746 1321 13755 10598 13805 10533 1825 9450 9064 10320 8341 244 6655 10172 8117 5093 7693 5997 4356 1808 13680 14063 363 9317 13076 11808 7971 7120 11550 8536 1210 3656 981 12514 168 7543 9081 1329 11223 4948 12911 1498 6056 9983 9608 2637 7288 7856 8866 5383 6114 3085 3888 9486 13634 4083 5891 1809 4699 10048 5775 1792 10914 5899 14186 4777 11852 9581 13734 11063 7189 8571 130 5535 6875 6239 384 6804 13486 4478 6823 4231 13664 3042 9421 11515 14079 10244 2028 6533 11243 12394 12299 558 2832 2196 10933 8613
1734 965 7882 3567 5821 13421 4287 846 12224 10900 12620 13243 9458 14305 5889 6389 2014 14017 4246 4204 13303 9458 6500 14255 6795 2743 11618 12961 3131 11533 9254 7729 13461 13322 6863 5164 11283 3226 4915 5601 7129 3784 12777 6753 3112 12845 14218 9712 1277 2597 11319 4401 12060 10328 9726 5244 13814 4891 6880 1652 10303 942 9775 1160 2230 2786 12952 4068 10880 2107 13339 11992 8922 6625 381 4024 9079 5142 4884 1568 8544 7997 9205 5771 4957 10867 10174 12020 2370 6914 10049 11048 8769 7292 2410 10501 12613 5998 5267 12332 13793 6775 4781 1300 4074 9637 4307 9801 12960 9129 3166 1207 171
2302 9573 13742 11041 14312 8542 3100 11667 11433 8252 599 5465 7710 1672 4048 7291 3874 11028 11571 356 10244 11263 2910 9075 9888 2921 9332 2635 7876 10273 7181 11653 1878 1020 3143 14252 6374 10803 1430 8105 13537 4236 7944 5102 11726 5909 7157 5237 13456 7064 6738 9709 2573 13199 7917 11383 9093 6662 10425 10140 13422 13485 8070 13215 10529 8533 612 13671 4814 10011 11968 11417 8363 8245 71 8125 5372 11368 8304 14149 2962 598 12431 6403 9795 516 5100 13070 748 8130 3334 1113 14152 4368 1142 4377 9605 14108 10195 5352 13456 8678 6003 1409 10713 6284 9799 5124 73 4841 6263 1019 240
14158 2714 4103 3378 10912 463 6959 7268 224 7930 1685 12398 3282 3964 3862 6683 12194 6944 3570 470 9331 3978 11423 11022 3801 9469 5236 3709 7823 3811 12928 11013 9859 4 793 5036 14174 7380 493 2181 11877 5369 1638 3274 12366 4240 3888 2850 4168 11324 2936 1709 13667 3450 238 12873 11170 2584 9141 4647 12488 12947 7432 3792 6884 6547 196 9016 9291 10229 8331 12584 8776 3097 4327 10673 12318 3370 7271 5313 8149 6258 12281 9167 4556 9461 8002 10557 3849 3936 5115 4969 11450 2299 9786 11945 614 2361 7071 2010 880 88 2930 481 8616 1193 6354 5421 3681 13186 7471 12361 5488
7009 3602 9705 8551 7501 12706 5028 3548 1767 4124 2597 2850 2041 2874 5328 5770 8244 13587 7371 2831 9938 829 6737 6578 4665 12866 6094 1345 12758 8417 2067 14081 5598 2811 5694 10100 11996 4027 5705 12532 11379 9704 6175 10030 12072 9342 4340 100 1953 12853 2738 13816 8560 11120 4501 9642 11962 7500 1125 10641 2320 1399 3578 233 6850 14068 11792 6691 3151 2820 9867 10924 2740 129 12499 885 275 7886 9129 13448 5323 12480 3254 13000 11217 2691 4267 13780 13822 1337 14191 1893 12558 9718 5181 13659 4723 7530 9905 6427 6277 3688 4660 14084 6298 8102 12159 1149 10259 6249 9890 7590 11827
38 10299 6564 5823 10122 3255 7406 2739 4084 6791 10041 6737 12977 12099 13973 3899 904 13042 7880 13068 7812 1729 12064 681 11924 8153 7102 5787 4028 13333 11376 9746 9653 9243 5375 5466 787 9549 13579 883 5025 13736 7623 11073 6123 2702 7608 4614 1170 10098 4883 7956 372 8472 2425 6739 9233 2473 13515 10480 9642 7076 6896 4887 12843 2460 6979 10692 1841 7449 3050 9930 8451 6099 6363 12102 2713 11564 9989 11264 5118 10519 7082 309 11889 9778 9125 4845 12406 13165 4919 3464 13204 5165 2704 7217 4348 282 2217 13110 2977 1691 4980 1682 3370 8440 6005 11403 11623 6558 516 2727 5729
203 74 11029 12867 3286 9131 1085 8246 7317 11764 14290 13960 394 13268 14131 6871 14021 11734 3542 6747 3670 6705 6891 10312 7765 10835 6809 12342 1636 6725 3095 9307 2419 8122 5859 10584 204 7672 2490 8600 1644 1951 12265 6686 8508 5676 3762 1986 14249 5689 9888 8801 7585 1917 9941 12493 4532 7823 6455 9411 7985 6541 4704 9386 7638 1808 2317 3255 6588 1740 6639 9856 9971 3566 10685 6536 1401 5890 10750 14310 11994 12557 12301 4162 8616 12952 12800 9238 4400 9046 4059 4860 10549 12793 3172 10797 13788 1717 8029 9098 9183 1182 11702 11854 8571 13557 10851 1489 6556 2073 13030 4064 8422
5567 8501 3263 5230 11806 7008 5936 1836 13865 3861 998 5089 14165 5362 9038 7005 5038 8241 2436 2955 6536 13698 6574 5888 10111 2367 13177 7334 1812 990 6506 11802 9536 1397 8182 4136 8624 6989 1605 968 14135 12447 6994 1169 1536 9307 1656 13932 8651 10845 800 5702 8751 4475 1350 12772 12588 13756 10469 1085 11182 5493 5042 12122 10072 13209 7984 2075 6646 1846 9834 1337 868 3706 6341 1361 3469 999 1256 13025 3615 5046 7 3877 14253 13939 7919 11627 10840 12623 915 9906 2098 10823 10528 10857 11833 6633 11774 3504 6594 13900 1655 10270 10037 6514 6570 2844 5614 13445 1917 13249 1301
662 10398 6323 11312 3373 11527 8844 13548 2720 3756 2967 1310 3599 10898 5284 4987 1686 108 157 4166 6813 9188 7888 3099 12056 5772 8842 160 12713 340 12009 10696 2595 8551 1297 9647 100 3809 5852 3381 1958 10961 7175 4701 3565 12654 1147 1942 1968 206 4418 6926 10344 12770 10222 9947 421 2365 12951 1785 3415 10845 5639 8072 3310 7693 1944 523 2160 8381 5392 3938 5715 12271 7823 2594 13487 1597 5878 2398 1209 12357 365 10303 12542 8255 3876 5580 13801 1671 2137 8178 8041 5301 6170 1489 3182 3623 8039 1435 11826 1213 11219 4945 14307 14029 14306 7976 13365 10654 8946 11853 13037
5708 10548 11844 7053 7258 14249 13085 5465 10973 10025 11853 11219 9763 12428 11978 2710 12342 6692 8394 7559 11619 3564 12495 8937 11094 4502 13068 11198 2968 2649 8749 8259 38 423 7703 342 11733 11368 11430 5748 6024 5029 5487 10368 12247 403 6042 10819 9553 610 11497 4054 3300 7809 8958 3745 3117 5812 6509 7644 7520 3661 13665 13523 13909 13556 3630 7973 10111 7570 11639 7065 2696 4637 10858 11171 6618 9137 7029 12832 9374 4402 10519 10479 3548 8202 3601 1405 13817 4694 13380 7908 10318 8327 6409 7526 5715 3312 7666 8017 67 13255 9847 8127 9483 11148 13020 12543 1958 13675 2460 7713 2081
10879 11846 3072 7456 8681 14202 6882 3023 11301 8876 8414 10512 9235 5496 3991 883 6984 5791 5083 3166 12822 6928 8265 4826 7374 10713 11577 11789 793 12244 4101 10663 4501 8056 13731 11943 607 10270 1094 8856 12888 13908 3863 583 4637 3937 2059 11403 6978 1678 10733 2574 1638 11999 9094 4875 9943 4411 11486 6440 14098 5658 13897 13862 14249 2434 7019 2146 2756 264 8144 11654 4858 2070 13066 375 7313 9486 9779 1717 6342 1984 9642 6433 4701 6060 9424 8916 7294 3922 10244 13887 5219 3301 9116 5652 2811 1313 7044 2404 12121 455 1902 9423 5119 6515 2193 11478 5804 5614 11496 102 1741
11528 6551 380 7035 4547 12927 11462 6425 8588 2512 12343 3921 10607 4261 730 8647 9132 270 4523 6301 13076 2756 6540 8508 12690 11499 3632 8287 7568 5048 626 11493 2903 10823 13973 13054 370 6415 13247 3716 12198 12984 3571 12729 11 895 10576 607 12425 7022 2734 7603 14002 6861 13467 11981 11061 5054 3964 10111 12385 4173 9507 3653 12690 9445 7310 14235 12263 9517 9231 10915 1548 12829 3330 4321 7224 7359 4298 3907 8104 13953 1980 8235 5095 520 10775 2192 10582 10230 8975 8936 3806 13709 853 1504 6282 11422 12431 6639 11815 10545 12355 11466 4252 12355 13414 12806 5812 10414 162 11492 4837
2894 10209 12681 1994 10143 12940 10560 11006 3988 11942 302 11055 7613 6874 5837 11723 11679 350 996 6022 3339 9215 137 14088 13231 196 843 4767 8824 8045 2392 7843 9561 6484 4489 5360 11656 14072 6976 12888 9349 3635 13176 1174 9775 11553 10344 11658 13715 2927 12450 9423 5073 5371 7962 1130 13396 12891 10997 263 6618 9346 3534 10706 8685 2704 1558 12891 8128 11177 7673 11113 1516 3368 4442 1940 4301 14291 14022 11570 11052 5343 6165 1783 12204 12258 4714 1181 4018 2392 3093 1759 1442 2861 1869 6650 6154 2411 5839 12994 13270 5932 14283 5746 1951 3518 5673 7414 4209 7386 650 13863 11404
12039 11626 11082 12246 4686 9281 11263 3202 8338 3244 6758 1892 4092 11026 11638 9951 10290 6326 8881 9609 596 11731 9261 5376 9344 14096 1981 11883 3562 13715 12800 13066 14279 12448 7579 12287 1574 11322 6439 12567 12397 13574 8716 5300 7347 7746 13562 12635 3397 5106 441 413 1218 2659 484 6443 100 497 2351 9247 8410 7288 8838 10960 5831 3866 2205 12561 589 5671 14140 9232 2991 12370 6397 2136 380 7819 7249 11446 5876 13200 1786 3830 1683 10413 13751 5880 14159 13990 12769 9179 1883 245 8544 6684 3973 5903 9406 2259 215 430 5934 9348 2822 13675 7030 588 7703 10944 11978 10989 6117
3130 13386 657 1104 2518 6036 4170 13181 3542 2050 1491 4282 12738 6034 13261 7461 4750 4508 175 11314 8305 6558 12045 3575 7389 5589 10014 11088 12651 3710 12002 5224 7857 4716 998 2574 12883 12678 3759 3537 9016 1402 125 8723 4591 14297 11315 9142 2928 11128 4678 11223 6740 3016 656 2638 5324 8189 9092 3136 3058 13279 338 8668 2243 7979 13888 6172 5341 3347 4673 9359 10386 14043 4812 8753 5146 14009 8165 6492 11877 6058 1030 7320 13517 4614 10129 9106 2845 9008 2480 5285 13147 9848 5770 6472 14050 7001 1436 3942 7784 3773 207 9309 6804 796 880 13253 6889 4380 5882 11295 13955
5234 13767 1200 12246 9479 3930 10882 1664 12442 3690 439 9686 8120 4920 1684 7753 4503 5517 1322 14139 3775 6659 11412 8691 1185 6212 13972 6985 8537 4246 11584 3327 4632 226 11313 12267 4672 5661 7353 12416 8788 939 2763 3068 11388 5150 3728 1574 6866 1427 6601 6775 13529 4019 5227 12870 7036 8902 6001 4001 11395 632 1415 1055 7439 2739 10098 9145 10236 8818 3061 2348 4006 1305 7254 11456 604 7205 12140 5996 9039 8695 11475 5838 4717 5061 12643 3493 9626 4875 6679 13082 13754 12263 11542 9802 2575 2782 10158 4322 2930 13377 9050 10359 3533 14332 11701 8391 404 1118 9438 9292 759
1769 1215 6737 7908 14204 3721 13076 1325 6752 8040 2392 7902 11439 12221 12037 13021 14062 10383 11648 2672 6785 13566 7671 11305 3581 8749 6713 10528 4149 12015 1700 13826 790 3634 12275 5258 3585 12686 14308 2602 11388 13678 10616 1064 11400 12399 1610 7566 12113 8460 9336 5661 526 11922 7694 10775 2773 3635 13536 5586 3316 11219 11994 7020 12617 802 1261 2529 430 14309 2175 5671 2889 10086 1665 1716 1968 1171 2770 12993 42 13922 10385 13502 1980 1319 8736 7898 2790 5976 5755 9163 8671 10142 7032 12646 3753 4858 1001 14253 11892 6120 5327 4276 11472 10647 9077 3921 921 9491 7988 8663 6952
7417 13367 3596 9948 3279 2946 9007 7383 3682 13417 9512 7261 5428 13124 8788 2472 12223 1724 9433 12824 3053 5707 9362 12386 2458 2536 5556 12896 11826 5133 8767 7590 13702 5172 11058 10524 14118 4958 13229 14169 4637 4303 11502 13136 12058 923 13866 5591 639 3724 13557 6077 6471 5309 10627 11706 5086 4046 8510 1034 1023 429 7880 1593 12867 8558 8973 563 11560 325 11820 159 761 3910 8195 7848 3631 13766 341 4704 9404 11414 10808 8200 7275 2700 1606 10250 9475 7875 10282 4290 9800 5097 11744 3195 1765 13861 13767 1984 8772 13240 2944 4359 5135 14067 10965 3333 1249 13514 5901 4051 5033
5215 9014 6057 7805 8438 8383 14079 9255 12636 556 8207 750 7754 12171 4771 7175 6729 748 10003 11944 3430 2511 4311 4385 11338 12527 8175 6430 3887 364 338 4116 12384 13777 13940 11470 7054 1612 10898 657 9576 2403 10701 4631 11884 5840 834 5576 5371 4045 43 10695 3069 6728 9560 9902 12075 11299 7344 11957 7642 11520 3494 13548 9580 861 12539 11841 12645 3355 3369 8465 9021 3921 11997 9751 11728 3810 13436 9216 712 1889 567 11828 8113 10123 1113 2705 11154 3107 4639 9997 5694 6544 9824 11978 589 8221 10671 10787 7977 6598 6841 2649 1540 11065 3520 5269 11019 6935 5797 4578 10066
4022 6235 9845 11933 13762 1098 8036 6837 6974 13316 296 4661 627 3487 13008 2596 11861 9442 3404 3940 3832 2635 11389 11665 9375 412 2659 1648 787 4407 620 4919 13684 13794 10319 10876 5444 953 7946 8198 3235 5060 13519 1922 4303 11923 10449 12454 9766 8342 10803 10271 9498 6101 10198 9706 11827 11837 3209 12816 2182 5588 6224 1457 14344 12838 9232 1540 2893 11080 11121 6337 13274 12369 11826 1397 2306 12519 12169 4243 7927 717 9113 3995 7780 11869 378 13585 9754 7655 4539 4648 12485 1453 12058 5685 11737 12743 3018 10508 676 9939 7652 10315 4829 2977 3323 9896 8200 1056 12180 4506 1418
11435 12905 4767 14023 999 13435 9411 4199 12657 13126 2775 11702 11845 12113 3074 5846 1599 12245 3928 8153 7191 11410 11832 4934 10033 8233 4596 70 2815 3647 10500 9605 13300 12648 7367 4912 3785 3414 1702 6532 4198 6419 10434 9176 86 11331 4849 6347 8326 10289 136 9359 9253 4820 12308 6509 9301 11055 12997 12967 8321 9941 1767 3089 11591 11050 6290 214 3278 5749 2647 632 854 13728 2404 2025 3632 2661 14115 8691 5336 844 11963 12293 12472 5022 4557 6635 3676 11209 8160 11479 4075 2196 12773 10768 988 4111 3451 9317 2138 13944 6211 3252 650 7493 5619 11301 5628 7082 12512 4379 4489
11951 11926 986 9370 1764 847 15 9091 6440 9851 4999 13526 4220 7019 12797 3868 4426 5094 2228 9979 12402 4851 12548 5596 12469 8344 13511 11336 430 2953 710 876 1395 7621 2328 11920 7002 8262 5776 7840 10028 7855 1799 7152 4168 7382 14192 3511 13168 8772 5159 527 13585 9968 12385 9611 9297 2572 2854 4139 10885 1987 9988 9383 14168 12317 3372 8002 4869 4266 10351 13273 9951 8691 2278 4417 2977 11189 8412 6062 3537 3109 10399 13781 9469 8819 8274 10044 10829 4591 7072 5727 8517 5651 12076 11190 6540 9828 1924 6566 11321 12893 13861 11709 8835 12880 4912 10180 8094 11634 9822 2002 6302
10268 8246 8514 998 3963 12214 6127 7283 9233 2273 5242 13386 3402 4830 8872 10541 6974 2292 1150 3212 14089 11718 11963 7618 7283 287 3687 3728 8357 11476 3768 7008 12777 6698 11883 4721 7661 10640 1720 599 7323 5355 11665 6118 2945 1441 14027 4007 9775 9656 1308 13083 4524 9153 7001 7714 2889 2114 8216 5025 8783 2639 11068 1380 10276 110 7865 3289 7755 8311 842 13136 3686 9371 6809 260 701 8160 7370 11205 2582 6076 9815 8453 10522 594 13113 447 6798 140 7465 2999 1046 13764 13824 13434 4123 9731 5085 13774 4191 14188 8955 6101 11345 7362 13999 12268 13933 12350 8437 6577 6829
3093 9689 9665 7135 7230 10016 6193 12226 3226 7740 1531 739 6074 10920 1405 9710 13870 825 12009 6835 11754 7995 7159 13947 14112 11917 2988 9437 13427 3896 10703 4913 9574 896 1775 6931 14117 5161 9263 3930 4060 6413 3670 3051 5246 11535 1327 13036 12447 2995 13828 5166 14342 6792 10693 13257 1328 4368 8365 13727 10146 12217 5073 11875 3236 13330 11020 10740 8470 5982 12042 10007 5244 11032 5625 5364 7332 2678 4983 5811 11756 8694 12118 5645 4330 6273 3212 1530 11204 4229 380 11292 4485 13407 5898 13925 1477 3267 269 11170 10363 12856 11026 6197 3700 10190 6989 11697 12565 12250 4406 13493 2761
3720 8596 11330 816 5424 39 13306 5472 10171 4278 2309 8260 5285 2167 5781 11759 9395 9660 1270 2057 2756 4434 11764 4744 1183 9148 13195 4363 8363 2474 3338 4618 8724 4581 5907 7776 9675 13837 2089 9144 13221 4446 7573 4581 9920 1625 2513 560 13818 2262 7885 5277 10645 12746 6040 11772 3099 6297 13997 13050 6238 12231 13517 5060 1438 4219 6203 10592 13217 1059 2435 6499 12160 6331 2129 3267 8155 2161 10214 3815 4597 9757 12145 3158 8997 702 13891 8235 4539 13087 8720 10699 5187 51 3690 9526 13775 11147 10795 4648 6075 768 56 11704 7971 4598 10561 12030 6087 8463 4345 13305 8159
755 11241 6346 2902 12235 805 9020 1707 7187 9752 13805 9513 3524 11164 4821 4779 7984 9085 193 14145 4533 6258 518 6754 133 12782 8389 11674 8254 8580 12067 2697 10930 9335 10555 9323 5548 12512 7833 11957 14120 12169 9187 13421 8581 12099 3348 1728 12021 449 2028 9310 7690 12591 4038 2609 4895 6667 7415 6045 11930 7962 2678 2242 9461 6245 6950 5946 13400 11635 4421 7367 3926 5167 3481 3107 4445 1466 2170 9533 2483 5447 718 13886 4399 1301 13142 4633 9991 13767 4383 7046 11237 3162 6645 5822 7935 6392 363 6511 5602 4590 10074 8142 959 22 6361 8627 1592 3872 6713 9278 7862
7139 6406 13832 6627 9118 9502 11054 9769 6974 13144 5519 11023 3593 9396 3522 5147 66 3599 849 13438 3101 1508 9833 8293 10449 1825 3038 4623 10215 2368 6295 10427 10690 8755 334 2265 10054 12287 11214 5745 848 13043 10959 8359 2782 4214 10689 13841 11574 5682 6441 6076 796 121 13165 4800 9157 5957 3366 12819 2312 638 6494 5545 13263 8131 6256 9895 3731 503 2740 10434 4037 5833 6576 8808 5219 561 436 8342 2844 10381 5433 5971 14323 3390 7680 7833 9587 742 1053 10266 7439 2550 2051 8269 3110 1294 6337 5430 3630 14027 7527 10582 301 7433 14179 4528 10053 13227 1983 10874 3734
14335 4901 6860 4070 6842 12680 5584 1210 10827 11572 578 3586 13866 3193 2905 10865 12893 2368 9039 1864 13554 13572 8535 7602 5328 1718 8097 11802 2577 1878 1264 13387 5371 14260 736 7344 9298 3937 6620 5008 59 6754 12981 7068 1235 13434 3886 8615 12247 3039 13989 2682 7326 5197 3615 3622 9245 7863 1736 12722 2632 12171 1560 12979 8850 14331 5098 8466 473 9399 11864 3872 10492 12991 10490 3593 1730 14290 3398 4429 13905 9526 9981 12720 9197 10566 7989 770 12356 13451 3457 7056 5944 1818 421 6203 10855 10539 9263 6682 1242 10656 13149 5182 11961 9708 2845 3830 6058 3791 2320 7828 4744
13036 8227 3319 9099 4166 2116 3344 11662 3005 10015 9350 10847 595 10134 258 13663 4817 3560 7161 4312 13097 13803 4376 13037 13890 7506 5939 13837 3147 5195 7719 4224 9143 13371 7590 6157 3919 11191 2287 226 6659 11003 11341 11926 2272 3519 8020 10525 7443 13104 10233 10984 12435 3418 5571 11310 8751 13723 11040 3923 14142 11614 4474 2533 9255 12207 236 8195 5131 10895 5444 11475 9249 4085 2315 13819 9503 13649 8506 10462 11192 7727 4580 13582 9821 4380 5697 13873 1538 5003 8602 4560 2407 5400 9735 210 11981 1007 7722 2672 2477 1064 9909 6554 2104 11884 8782 1547 7432 3311 8697 5944 13795
8491 13985 11252 1801 2730 6233 2786 4231 7583 798 7199 10676 5404 2136 4739 9600 13244 1788 13463 14327 8118 2616 8763 12345 8491 6406 6360 1232 4267 8613 12240 7793 6173 641 12111 707 14125 865 9783 11010 9989 94 6291 9518 13273 12957 13501 9111 6147 3348 1876 5641 3208 13114 5856 3626 740 11372 5821 115 10220 1924 5997 12570 4833 9111 10162 7930 2147 1748 544 10218 4533 10084 226 539 5596 10857 10413 105 7856 5691 8703 6331 13012 9580 10086 13774 3406 9761 9960 11636 4542 11578 8024 13083 673 8070 5067 95 9531 13393 13834 2582 13885 7374 7509 3755 7330 867 4214 5846 12104
13529 5114 5027 10115 38 5504 7771 14065 11568 7067 2736 9680 6496 14192 13591 10848 11529 9998 10612 5820 6337 2985 2646 5348 1250 12841 4325 1975 4508 4169 10818 6823 12579 8327 4081 10058 10129 4939 357 6611 11221 13600 4885 2111 14011 8348 707 7385 3880 731 8410 6651 8799 5217 9809 5978 11419 10536 7631 12909 2258 4079 681 13501 13708 2933 2735 13468 7031 462 7805 1339 13946 3813 13138 805 12609 6732 13011 6707 1164 4190 3161 11277 2311 25 3772 4564 4961 13640 10183 5301 12628 38 7714 9216 3233 5329 4183 6996 5703 5269 5441 9733 10258 1516 7325 13238 2770 3711 4457 9175 12502
335 13698 6088 9903 6224 10098 10276 854 2846 5495 14245 748 991 9366 2623 1096 4398 10186 13236 13998 12210 3330 2755 12369 5958 9624 8185 6041 2069 10432 4279 2047 621 12472 9960 14078 13613 4789 2678 5202 11880 10525 448 7325 12231 11723 13608 1982 10211 11912 9793 365 3544 4023 10388 7120 3847 4722 5960 3521 6776 12795 7897 5624 6601 13729 280 10456 1606 12181 9957 9191 2150 1210 7622 12710 7348 8285 11153 5702 3560 1578 13420 10597 3675 10396 3473 7174 5521 206 2670 5753 14318 1560 6882 1715 10757 1796 12760 7650 12384 9939 9477 11708 1619 2862 13075 8956 2617 8795 12664 5425 12093
10463 7884 10917 7885 3079 8237 7227 14011 3830 7077 13603 1132 14109 9956 11424 4537 2254 5164 8925 3529 4011 7543 7523 2809 7696 5888 441 4683 11446 11796 13533 13443 9818 11268 1169 11222 2048 8818 13507 8478 6168 11608 13089 4382 13678 14292 5698 8879 14313 11953 266 6456 9691 11267 2877 4814 12479 4626 1976 10336 7397 11471 8296 12008 14287 4203 339 4548 13578 6077 3047 7087 11657 13612 2069 13875 13394 13622 5265 4126 2385 3494 7251 8019 3412 4383 5783 7920 7187 8698 11901 8272 9445 11907 3659 14038 8715 10111 12018 3070 830 10538 4350 2739 7875 6202 9363 6559 3313 9732 7801 10753 12545
2083 1804 10322 3110 10184 5556 12556 7779 260 9297 9989 3916 3549 9410 5279 3482 13356 11524 3984 6243 13551 12662 1015 10774 9032 12558 9017 10650 4166 3740 532 11621 7701 10305 413 8242 2924 9857 3928 2477 5988 7720 17 10289 11481 8650 5733 9750 9985 7329 10294 12518 11991 1649 8683 10435 10374 11601 2770 3944 4016 2776 10441 467 9582 10301 3329 1605 8968 11053 464 5660 6657 11351 2647 3329 14015 10067 4426 2750 3038 7129 4709 9951 9574 11112 6929 13348 13942 7026 1729 1947 1952 9229 7404 13515 2190 12433 4483 3251 2471 7606 7408 2774 8027 13946 5013 10726 3850 6171 11495 10901 10833
7691 7447 3912 5557 12686 5779 2227 5191 11107 7728 254 3229 10657 5443 8143 5149 13975 535 12354 942 5265 13357 6636 1718 6874 14294 13565 2878 12538 337 9878 8039 2615 10577 12939 12378 1566 9635 627 878 13204 119 996 828 6318 234 6958 2218 9870 3192 1689 5930 1486 42 6344 12559 7421 2077 13521 8633 12424 3195 4980 4731 5369 10577 5427 13160 1008 3006 1764 1335 6793 10860 9078 4824 10021 2920 2747 9944 3374 3717 11472 7119 9087 2315 12546 13944 7850 3756 12228 11380 4156 10922 13666 3552 3379 8331 12566 14282 4595 12871 7419 2115 12420 12289 2146 326 14275 6380 1173 5312 7593
4064 6741 12862 1983 1269 10990 3560 12517 10087 5293 10477 2449 7458 6190 9425 13926 5295 9644 5700 9884 4235 10774 5850 2134 11040 1994 3346 12203 7401 1324 10218 5698 12222 3492 9240 13462 2756 11422 5873 7886 1825 31 3831 11027 5867 10260 6626 5665 9179 2757 8527 12197 13784 8281 3681 14267 14082 11539 1700 8941 1987 2506 10631 11873 1441 14114 7997 10735 4000 6795 6025 2366 7878 9802 4147 6545 2318 7916 12254 7417 8918 12855 10617 3253 998 392 5506 13466 1874 327 8169 6701 5188 4518 10629 7786 12279 8396 1302 7845 1154 736 10236 3915 1543 11416 11345 8598 13108 11588 6090 9636 12261
4781 247 1960 8330 3936 12170 8346 171 4850 5489 7759 6380 11926 6689 7492 1429 886 10665 8009 10544 2624 6262 10675 2867 14336 3514 3906 710 13374 2249 8067 2238 7750 9806 10243 7390 9006 10150 910 10205 1610 13685 590 2487 7153 6930 11323 6505 12644 915 11187 12547 8740 11396 46 431 645 9878 10596 9521 1693 12859 1090 2457 6967 7005 10744 5203 6493 8142 8682 4260 995 9643 13309 6809 13929 2649 10392 7626 4199 9489 9851 5591 7485 4942 8627 1369 2249 6379 6398 129 7962 9988 11250 12177 5697 5747 4299 12376 1548 12332 6809 10798 7396 1066 12367 12065 13675 2649 1103 13800 3781
11760 12607 3779 7866 979 2292 1282 9605 2879 5005 9227 5185 9193 9829 9271 7143 14113 11742 2784 6343 14160 9696 11095 1527 13940 6318 12378 11125 11796 229 12101 2972 6055 8807 1988 16 8213 9768 8648 5752 9912 1968 75 4961 11439 462 4737 8879 1123 11420 7431 13414 2720 8221 3444 13329 10965 11080 4054 6753 12427 12903 123 7900 7541 12210 4747 14071 1954 8131 7265 2853 13615 3766 10975 594 6566 1888 6284 9805 14127 3059 5248 7537 11733 6539 7241 9401 9220 12333 3356 1931 7473 11368 3226 3054 11825 4781 12602 4272 5714 14277 10882 1839 299 13594 3064 13501 2240 698 3737 2696 9795
11365 2419 11877 10762 12722 3002 2042 8575 3440 10791 606 13081 8616 179 363 12615 12048 11370 9914 4980 11369 8388 4449 2471 6811 2747 10914 1749 8011 13168 1189 3123 11985 7669 2262 12442 1009 49 9743 7257 4956 921 2412 13746 2592 7951 360 8612 6177 7902 8153 8085 2106 7486 3602 12497 10247 7471 4187 1063 7471 1667 3879 13634 6131 8403 1358 13672 9650 5001 4870 6306 5521 400 8513 2174 10337 9887 14238 7301 7905 12940 14248 103 8109 9261 12339 9725 8596 1073 12619 245 4492 2191 12307 1449 320 12340 4273 5732 12385 13766 9324 8112 3898 10269 1016 6061 12738 11273 8762 11962 7736
12344 11928 12465 8217 13490 14309 8657 461 12162 10954 3085 10954 10573 575 10312 12356 8013 12531 10729 12816 2983 7873 12767 6938 11360 1011 12208 7961 6814 10311 9477 13745 3626 4823 7545 1472 11454 8167 4942 4175 12187 6824 9838 13156 10832 12724 11771 9757 1873 8230 8071 6005 10709 5528 2535 5414 6749 2669 3490 206 11199 7701 7839 4623 9011 3144 279 9134 7024 3347 5902 5368 8390 2226 9026 6690 8109 6301 4934 12057 4170 13930 5724 1617 10041 4918 6749 7375 5632 14056 3823 9396 3521 13957 11007 12953 5731 8586 4814 14196 13664 13614 3446 8245 13983 436 14047 2790 87 5164 6110 10143 2509
7310 578 1467 1059 741 751 8590 11530 8335 10592 6753 13539 5888 9251 12396 10606 4758 8207 1262 8718 2846 7702 8270 12848 1216 9952 3886 9067 2712 840 10276 11603 14164 11839 6900 11575 2519 4959 9486 1613 4924 3245 4142 13462 6870 1594 10442 1347 2322 7202 3241 8887 944 12039 4613 565 2755 13860 8834 6259 7615 7102 12130 6589 3521 13254 5397 2027 10664 13469 5689 4939 6569 13752 12665 9241 7346 248 4412 4191 10928 12832 7356 12477 14123 5915 12912 10656 13862 2397 9324 6692 6115 13107 10535 5851 3477 12430 2318 2980 8134 14032 1548 5209 13840 7987 9416 11119 11711 11325 10677 6301 8180
7818 1053 12375 2266 7422 10760 14092 11089 7742 18 906 4221 11754 8171 9528 3985 11878 12060 2699 2658 2525 11229 9846 11674 7660 3118 6453 9539 7445 6529 4512 14127 2830 2853 11089 2891 13879 3439 4065 12751 1976 13099 7271 1663 4544 3009 3293 7885 11283 283 8541 8264 12559 3896 1069 11845 9715 12227 10156 4428 1364 8495 11137 4340 11215 14096 8798 8453 12563 6196 6150 68 10868 9438 9306 8100 14265 4797 5370 2730 12720 13772 11868 2368 8277 260 989 10535 7945 3461 4957 13963 4102 8696 14124 8179 10465 6898 11847 14156 2542 12988 1176 4146 7863 12612 798 602 11193 12940 7221 4775 13624
27 2495 3497 13633 4641 7635 9334 6139 3810 10526 6054 13319 9336 5168 11902 10955 2239 3164 8770 8937 11122 7964 2563 8866 10993 1315 2444 43 6805 509 9981 12077 6322 4991 8812 4534 5474 14007 4091 10975 9396 14308 7822 2506 14231 10867 7637 14068 2341 5280 7352 6885 7599 185 12223 4750 2639 6101 13203 7240 11791 964 1198 11848 4738 12151 1377 1118 4312 9894 4259 9028 4618 8770 11244 1524 12015 5560 11624 10782 6830 9694 12542 3159 5005 7062 11168 980 9771 9038 4128 8983 12577 3552 12748 10892 7788 1245 7511 842 10890 1160 13479 642 9348 12595 4210 5358 11795 12468 10804 5626 8963
12345 12188 8274 11784 10960 9893 2422 12880 9590 6723 1106 14279 12107 1239 2118 779 5272 2991 2740 7465 10313 10506 8277 7016 10160 10889 6095 2868 7974 12379 14030 88 8861 13998 11340 7667 11176 3795 1876 9615 11615 9527 7948 8767 13850 9307 7203 10821 10127 2464 11004 12272 10488 13038 1596 11659 8171 4696 4347 11081 5249 9840 4694 8567 5205 3290 8437 11013 6682 928 2957 9791 1743 9116 12029 1055 4516 3724 249 936 12845 760 14297 2193 12056 86 13444 1757 7865 13968 13789 12798 1153 2094 6868 12584 433 1299 3050 8100 4279 7576 6303 5388 9756 6268 8773 373 2344 14325 2624 13927 4222
4738 8796 854 3739 11315 11804 13345 14167 10993 8557 13892 3643 661 4007 7731 13961 823 1474 13220 7891 13340 12278 8823 127 14143 7499 3989 4582 543 6188 10835 6003 4148 13877 14010 13464 13732 7472 3240 12259 4883 6926 2974 13263 991 9542 442 11175 12037 9258 2825 13018 13725 9866 9685 512 13978 4365 2294 5197 2648 5318 1790 6592 1119 2205 12397 1193 13756 6030 234 8263 2364 8970 13655 8678 2989 6999 14262 7425 8283 5829 6008 97 4160 230 12685 8598 5132 13071 1030 7588 4872 12118 11728 13279 8928 1277 7179 1466 13010 523 9578 8052 10502 7477 3876 9775 818 6224 980 13217 6947
5135 4591 2965 819 6665 6209 14151 463 9075 9464 10949 12429 2204 8133 3077 7542 7837 3198 4523 3329 12276 3476 13825 2475 10270 5630 10103 2660 12958 8459 8846 2978 3512 2821 13282 5640 9228 9443 486 6708 3415 9360 8635 3525 12132 4346 9049 12216 10504 4090 7922 10373 11454 11109 13987 572 4874 9289 2660 5792 2758 13753 6083 5835 7245 938 11241 8254 819 1349 1653 9702 2659 10757 10944 3684 13034 10077 11359 6059 6470 11942 8253 2879 3520 1451 13350 914 10478 5993 13401 7607 5655 8856 5569 4951 9385 8637 7946 3786 257 11489 9150 93 6957 11216 7888 5356 4850 8184 7360 9189 3095
1758 13083 7128 5985 418 431 3373 9769 8485 10700 341 6908 1276 5477 13896 2915 14064 6912 11807 11190 4842 907 3684 9095 12700 7785 8144 1601 6690 8698 3492 12945 2346 8157 13461 9283 9147 2993 1579 12071 1215 12482 8699 2607 5117 6040 14265 12901 4727 4749 529 408 9680 13226 13897 2294 5765 7046 7080 9777 4518 6150 8760 1775 3389 9816 8857 7815 13908 5321 11323 2205 13190 14094 3357 6108 7517 9498 7404 6710 6603 11119 13115 11501 13324 10730 5785 13298 8733 11541 9782 10154 9201 13563 6526 2689 2098 7509 12517 1037 1592 10466 3004 470 3191 1339 10739 3469 4329 7167 281 1907 2038
5288 10113 4500 10428 12086 13053 1152 4891 3850 13086 2313 13766 2041 4895 4218 8011 4779 4144 13911 11149 5606 2707 12567 11491 2066 3292 11394 1427 2045 6323 1115 930 5943 7339 13777 12039 6329 1889 4847 1239 1097 1918 13384 5695 630 3582 14053 1834 60 10664 3254 8371 4266 3593 11705 12601 22 5030 7443 1400 4802 13289 6889 9643 7981 1111 9631 9019 10191 13850 250 8013 9602 5182 4041 398 10156 11871 14149 2378 7283 7775 9952 4411 9846 2230 3323 9056 2678 10545 2894 5771 3829 8782 10789 12132 7569 1762 11181 12885 4869 6133 6576 8326 6201 7522 5943 6293 6230 14203 6580 1458 4350
7753 7027 134 1861 3066 4443 8009 5250 72 3217 12061 7550 9869 10496 9665 5155 12573 3431 4093 121 1512 5587 4618 13229 3906 11519 8430 9708 337 12281 47 8913 12954 11412 11360 851 795 2489 7746 4217 10213 6947 1674 4738 11210 66 1483 7714 6956 1840 7794 11247 5567 2612 7562 9361 8402 7566 7824 2804 1586 5211 1521 323 13430 8033 96 4744 11220 5303 8222 10022 11059 10092 1201 9488 5463 7272 10440 6835 6937 14224 13457 5763 7409 5444 9550 2476 2404 11287 13389 10093 12060 8235 14164 5370 9878 6355 9955 331 3878 9590 8610 2171 851 7471 11673 11211 10230 11686 3876 5663 7510
4763 9613 8839 2268 10095 13242 9256 6562 8158 12433 13761 11456 9952 12686 2679 13662 2587 6104 178 3569 12035 382 2373 3902 8205 10138 11495 1705 10468 14222 1493 7239 10441 1843 8652 6900 6793 10073 12053 2161 11535 2665 6284 11212 10838 2440 3058 2932 13612 6827 5971 10506 13088 13156 3083 6071 3096 10987 8268 5705 5835 13574 5767 180 6832 7800 2027 7673 8315 1581 104 5093 13097 5873 9816 2457 7733 12848 6276 3330 9580 4597 2557 824 982 10072 5479 11661 11143 1909 12860 10168 2286 8997 9298 5803 12838 9891 7797 2710 13062 13770 4494 6809 3284 13261 3038 13772 12002 1177 5582 13193 1434
9035 146 8306 10276 2350 4122 14270 1864 12768 9116 3110 9119 3451 4035 5712 8516 7509 1583 2950 9545 634 8118 5406 1754 10542 672 8706 1930 2867 5014 8950 10107 726 6218 4096 13932 5675 10618 7047 12485 5814 11551 10802 12505 5419 2926 11734 253 4650 14041 1258 9118 12584 8931 1340 3326 6027 9480 14328 2444 6839 4696 13287 2026 549 7641 121 2964 7647 10521 7670 10560 7545 13052 13063 5209 10379 2172 7972 4497 8038 7616 929 14079 10598 9211 12880 5941 7881 9555 3699 11558 13 11266 2965 7958 2460 5862 8657 1478 7803 7674 9870 11224 10212 2228 4969 8187 4312 2865 12604 3759 8633
9793 9713 6070 13158 11115 7753 8931 10529 734 13013 8517 14117 8528 2214 10640 7546 13022 9693 5891 5278 1425 11196 429 11298 5305 9043 976 8356 9955 8070 2229 7823 4322 4069 8696 4673 7446 13222 11921 8115 3965 12952 12263 10967 1142 8085 11107 4726 6861 1703 8999 611 3957 8160 6993 5902 5962 1053 9642 7992 856 11173 11235 6320 4761 5704 4374 10458 11658 8098 7442 7921 12056 13060 3915 5796 13524 6761 11542 12629 12095 1403 13738 7987 8514 3053 8765 1755 13249 10374 11660 4609 8495 4180 2670 1200 12082 2247 11819 5920 8866 10328 7750 7842 6654 3661 9516 2772 6563 262 7153 3682 14059
7265 6815 2088 6612 1305 12010 8924 6574 3859 9246 9286 13477 332 3731 7973 7261 5527 2407 9720 9868 13066 457 5903 8768 11814 8099 7026 13108 12621 12417 13871 5894 3605 531 891 12052 2443 363 1332 2232 6295 9384 9297 692 6140 10462 13198 11956 6320 1502 5825 1272 1057 7543 7050 8289 7028 1474 2704 894 12293 13409 6735 997 6252 580 10239 8868 8941 7080 7490 13052 10716 3514 14215 6498 399 12219 3069 900 4902 3648 8559 9410 11762 14203 6770 746 13347 3226 221 12624 9269 14173 1556 13862 10216 4463 12052 3202 5066 5064 1911 11417 9340 8331 4275 13568 10347 515 13142 5994 5734
10483 9311 13617 12833 5782 11842 5825 9614 1738 6913 7288 6551 2953 1225 13550 9826 273 2901 11292 4088 13732 8832 13012 3031 9293 8605 5167 11743 10346 10128 3919 8462 12295 8253 3223 7664 442 4483 11716 11111 3064 9937 7969 13815 11631 11235 164 10226 13582 7758 4706 2494 7937 13824 8635 13747 10886 4992 1447 1577 8807 11649 13368 11712 5944 12489 4871 8604 12290 13417 7196 14017 13201 9064 794 3245 9384 7473 5564 9927 8537 4432 13162 4385 7509 13102 14347 3579 3631 11129 12888 10561 5591 2979 14314 9183 755 7856 4865 12207 2762 3005 12263 4717 3052 14319 726 9780 9862 6567 3521 12511 2666
1314 1191 10843 6028 10010 3504 2058 4240 9661 7444 14051 3872 5008 13228 926 10493 12903 5389 2068 4634 13111 1258 11592 4596 13975 11486 7713 7518 1800 11920 5342 6947 1318 3861 10077 5089 10341 5505 5690 6622 9292 4035 12617 1142 13968 7947 1985 11397 7425 9006 10827 10694 7942 1319 13036 4651 10717 13528 11634 13855 11958 8735 239 4901 9057 12323 12323 2955 10472 11584 5605 3002 418 7301 12338 7361 4796 8219 3873 2512 8516 3987 2426 3256 10112 11747 438 8815 13538 435 4239 4389 7175 10905 4043 3497 12236 7999 3066 9903 4387 506 6731 8698 10878 13684 7594 149 10989 11525 12052 1830 13619
1883 3164 7733 7207 8916 11258 12403 7649 710 12126 8620 9053 8131 5046 11116 4720 2789 3950 2939 7320 9647 13730 6530 7452 2576 13051 9358 6531 13311 6166 1070 1832 9951 5640 14246 3073 13881 3581 821 6966 5226 13137 12697 4260 4506 2527 7153 5005 2543 1758 5634 7323 3436 5051 10185 11566 6682 13159 6789 8360 13403 14162 4942 611 4137 9964 2580 4805 12396 1828 12967 6075 10891 11248 985 8381 13398 6 7809 9002 3299 8655 10223 1013 2391 2142 12412 2957 7720 4442 13477 10402 9366 7510 8328 4999 8245 8871 8402 13470 9241 2688 4151 10589 10304 10955 13441 9792 5516 7989 2443 4844 4971
742 11231 11830 2907 9784 4807 6887 4434 708 5342 641 8423 794 1514 10051 11228 9273 3499 5612 3493 11953 7316 12737 12252 13194 9808 1171 6949 7406 9687 9942 11248 9287 3366 11384 14109 3695 10446 11723 8164 7886 9717 4101 7363 1055 8431 530 8652 11211 4339 8069 79 10496 10758 12332 5740 11426 6315 6957 7690 5171 2413 8265 13207 5663 7272 10356 9695 8307 6233 8863 12781 13691 14004 5635 4864 154 10134 306 7009 11394 2324 4904 12148 4708 14215 7909 8522 10626 5906 2042 12558 7948 12301 11493 12216 12559 4006 1205 111 7454 9635 2395 10658 4555 8172 450 5091 5599 10369 8222 10317 9248
3520 7343 7216 12871 3410 1072 391 917 5509 8025 7652 702 7692 1150 2851 13393 8158 1539 3433 5763 1408 3936 9568 216 13471 4635 4978 10222 7845 5159 11976 7335 2021 11044 12453 8446 13915 3360 2194 12716 531 1410 3307 6504 10201 14089 1546 4744 13113 1077 7053 3228 12761 6025 6485 219 10530 7429 6039 345 12981 6600 8437 14212 8197 12026 11642 12573 8809 1866 10297 10824 1741 1962 2752 7079 1682 2471 2171 3830 3654 535 4412 12819 7420 8530 12490 11820 5504 10146 5180 10274 11668 7980 311 1561 1834 10316 2652 13646 7761 4032 11595 9482 13339 7344 7296 7283 455 211 2749 9480 12305
6766 6391 10729 10562 8873 7929 10110 6491 4597 10123 3314 10376 8946 5138 10382 6720 5058 13056 3285 7887 11065 12017 9817 3325 11977 8432 11953 7764 6056 434 11826 5296 2640 203 925 5691 9668 7762 6150 13696 14027 9835 3517 2724 1732 4656 1298 7914 3742 4112 2849 13633 9933 11279 11722 13192 9567 3206 12664 2127 5394 867 10678 9565 2456 11734 3825 12302 6339 431 8405 13095 6485 3446 6006 12589 1831 2139 6860 1505 10118 11553 13175 9840 7572 10450 6979 3818 11078 10188 3321 12986 4422 8735 8280 1157 2174 1750 2456 8530 7841 7361 14090 2191 7431 206 13806 6350 392 11244 9525 4473 3377
3295 115 11339 11501 5120 1665 9041 8113 6206 10053 11969 84 3626 5680 4384 1197 3853 3877 7171 11143 1281 8838 7874 9105 13250 8037 11113 7696 7605 5472 11424 12049 6404 7881 8663 13069 10535 7139 5577 3313 13137 13443 6090 13394 2734 5108 3458 5686 5112 8108 13054 5067 13993 3291 12052 1381 11403 4805 6645 6387 1088 10098 12955 14034 7252 8108 12202 10766 5006 7779 1010 12821 7583 12098 4395 1072 12351 9520 10465 9055 7546 1971 6792 11282 2014 2889 4300 11306 791 2803 257 3458 10636 13869 2061 2226 11874 6130 3471 5590 8554 11001 2469 2735 7177 550 1014 5806 3109 8105 6421 3588 13208
7305 7069 3618 12013 2454 3041 9119 10157 8812 3607 10058 13177 13155 7155 5645 7779 12667 7284 11904 12749 13333 11570 3009 13453 5924 5022 9175 12164 5498 1307 14030 4398 1165 5832 1534 510 8960 8755 8844 1565 10814 1880 10267 9425 6302 1258 4457 11180 11077 400 2653 9132 12575 13386 3608 3653 9951 9720 4320 5271 4697 2927 5133 9846 2004 5887 10148 9091 14265 6627 3230 766 8576 10430 550 9400 8471 1712 4794 4210 10030 715 3979 5368 12901 126 13303 9645 13627 4628 5181 8153 14087 14081 9049 4503 8347 274 5139 13949 2618 13663 7777 10866 4777 15 4177 12300 8416 5967 3550 1004 11019
14285 13059 7224 8953 8120 8316 14078 7345 10724 4372 11389 9295 13860 8037 11263 3592 12080 11261 6378 10356 4450 14317 301 203 9340 3166 7422 5521 14046 12731 2728 10093 710 6622 5055 7444 2755 1101 14214 12116 873 7000 9654 7598 7663 13223 13114 1760 13250 13817 8485 6745 6561 12558 7839 4777 13391 13299 3096 7780 13239 7842 6402 3475 7808 6115 10742 4112 3721 1416 3795 5819 5104 13887 553 8623 13910 12085 10481 12523 1419 8900 13785 12645 11781 12514 9775 14278 8102 4436 3839 7294 12326 5156 4927 4634 9364 7828 12337 7471 1930 11152 11984 11788 9231 14267 7807 1429 13048 4536 2647 5619 5172
3670 12728 12794 5201 6547 7220 5942 202 14248 6823 1983 8881 466 553 7189 7768 11294 8986 374 6748 8777 10065 10687 5265 11753 9044 11713 7358 10615 797 2233 792 10428 4950 9689 5563 10229 3206 1596 5043 2496 5512 5029 3593 2081 9193 14264 14162 5120 13085 995 6967 6721 3337 5560 6701 8140 8880 5455 11052 9071 9608 6091 8181 13269 3494 12650 10109 2333 9486 10434 436 4507 11646 13462 3781 12566 14000 2891 3570 8336 11787 2248 13319 5631 6234 4491 4136 1049 5513 5676 13672 6459 10468 2595 12479 8746 5760 30 11316 14105 8980 6496 5491 292 12914 8051 8872 4606 8676 7485 8905 5279
3605 7923 417 1472 9424 4866 3699 12157 1661 4624 6283 9639 1757 13397 12477 13545 13675 12490 3302 12322 1737 3387 9748 10594 11017 3973 4691 9203 4451 9006 313 7897 6170 13868 12171 13491 8261 9068 2143 7779 13953 9286 10317 403 1376 8987 7403 13768 12565 5327 5582 9882 6723 5817 11231 9147 2165 10991 3485 1874 14265 10549 11527 4666 8653 306 9149 10643 13781 12418 4128 5389 10655 13475 1452 11579 8947 11386 1624 10379 8393 187 12675 12274 2258 8042 2066 9775 264 8906 9251 8552 4988 4444 10187 4679 5973 10605 3938 681 9135 880 7516 13544 6312 6551 6442 6094 9971 3856 1499 11664 12332
12378 13636 13803 7468 9610 5759 13053 2145 10942 1197 4486 10388 10974 9320 14202 2718 5965 2485 12860 12247 8081 2932 5904 8962 475 9986 5791 14038 2571 4790 10315 12052 9506 11921 5099 9491 7376 12698 3532 2631 2478 5710 12082 4679 8227 4471 5287 14105 4929 3934 1069 9884 4100 9745 494 10195 6810 11651 13971 7968 12509 12892 6900 300 12780 2997 6842 7283 1673 4231 5332 4108 427 5689 5809 10842 7027 1385 11244 9762 7147 7377 11381 9768 2685 3822 12278 335 11386 12923 3544 4864 4758 9826 2075 10252 9114 8169 571 7213 6756 9098 5373 4357 2503 12976 6606 7709 5736 7351 612 10608 13941
8005 13384 6779 9939 6326 7513 5001 13055 13219 13566 12857 3360 8422 5632 8518 10537 5835 4449 6434 344 7596 11006 2663 5701 9964 2688 5341 7525 5761 1049 13678 10036 5517 12169 10927 4402 3338 4060 5571 1347 4775 8858 5802 9580 3689 14221 9859 11981 13901 12876 3348 13294 12869 1669 9891 13166 9237 5519 115 13246 1823 11431 948 8536 11835 6317 13552 3400 5002 2047 10453 1806 1534 6718 1357 751 926 12698 8644 10694 12735 11093 8177 5303 7664 6207 535 12723 2092 8540 8043 11667 6785 5376 6076 9389 11187 7798 12093 5081 3457 9135 13912 13165 10858 8365 9946 12616 6846 13412 3395 1451 5656
1651 12658 7247 12307 6136 6780 567 7075 8827 9688 1871 4011 10688 1424 601 6776 536 1622 4851 9965 9796 3472 7330 666 9104 517 6271 3101 2385 12877 7815 2128 14027 4959 6188 1068 5987 6352 4478 9221 6389 11302 275 11107 1266 5045 11819 12526 3285 5041 10232 12006 6381 14140 7261 3052 9492 12689 5139 4502 10423 7209 8504 393 6490 635 3340 3207 1233 2897 6506 8220 1740 3942 313 13221 12783 2529 8503 6744 14205 7872 8799 4101 9001 765 13938 12537 2354 7130 12666 10610 7215 6925 10726 4474 627 1680 4525 10230 2541 6164 8520 11706 1040 5693 9681 7841 7125 5094 1623 8574 11456
1465 1031 6756 11158 94 5516 10132 4186 6058 9524 5637 12080 2900 3345 2153 4866 3812 6167 4042 2555 11477 13547 7779 426 3271 5110 10217 7019 14320 11760 4162 7099 9724 9991 3907 8933 3155 9430 11900 11724 4218 7808 13753 9702 8619 4859 11730 2418 12021 419 11045 5854 6263 6695 3440 5265 6764 671 10239 11741 4604 8847 3050 8523 10408 3845 9360 10376 8055 446 1971 1023 12082 12892 11976 11143 3136 9979 1359 11260 3555 53 6945 3740 1332 2924 12828 8286 8737 4787 6425 3484 12460 2162 1814 3797 2301 5604 4833 3974 1769 9417 2745 12306 9515 9597 4843 1438 5864 6680 7575 11514 2679
10989 2512 12649 12831 9531 11051 13209 10664 10304 7618 7550 11936 2271 2566 9792 11549 10766 10662 9265 3942 8262 11327 12836 5156 1271 4324 4920 10326 6596 12280 850 11259 11800 4080 1180 3226 13659 2051 8214 9035 3830 12283 3947 9219 11567 13382 9501 4937 5942 5891 5197 709 3503 7642 12739 9044 3773 3244 6448 6932 5699 13857 10797 5606 2157 4680 14068 14236 14114 10756 7348 12974 10088 6534 7252 13832 9208 8981 943 8353 117 2589 11282 3378 3570 8072 2313 14286 11804 4213 431 4978 471 3052 10404 4694 4699 8597 12628 7408 5517 5209 6358 6611 2986 4407 7213 9639 2484 140 10874 11758 9755
7281 4549 1071 7343 2618 5737 13137 12115 12987 12884 9225 7024 13046 2951 11308 6551 4021 12633 7217 12470 3269 1728 4297 4848 7770 8332 7388 688 419 13210 386 2689 4694 4928 3440 12186 5149 7518 6576 2119 7430 1174 11381 6825 3837 637 4481 9769 11419 10768 8149 13688 4245 8453 863 4927 14052 6701 9985 8649 2309 3135 8364 11499 318 6894 3231 1199 4904 1747 136 8901 4850 12863 9278 9558 9025 2932 13489 3312 8386 11953 9904 5253 1055 12404 11069 1959 1341 2932 5941 782 7067 4816 7042 10125 4026 13309 5171 1426 2884 2348 9206 2428 7836 10166 9319 7767 12253 11002 13508 6166 12101
9228 3490 12120 13296 3876 3875 10885 8027 14012 7321 3738 10935 11927 7445 2241 6348 1967 3418 12711 6868 2054 12005 6597 1510 682 12253 7794 5375 10553 6406 8330 4038 5558 821 14183 13697 13957 12700 10729 7873 369 4012 3028 1425 12434 8622 5671 13230 6919 11582 1395 5060 5849 4444 10624 9873 8493 3927 7564 2032 4150 8005 7618 13232 10346 12641 13579 11675 2230 12964 7483 12430 10558 2848 6931 11707 7628 3165 2953 12840 6572 782 5636 3713 4285 561 6702 5547 7192 11773 11032 8903 243 11078 4174 9762 4520 7436 9259 8971 3475 11489 11319 9845 2242 1381 12962 5517 12449 10794 8379 5403 12292
1273 12460 9640 8437 3762 6605 3390 6904 312 13722 2197 3062 323 10884 12330 1575 9395 4075 11666 10845 3215 11717 2371 10359 8728 8103 1126 13180 3955 5116 13690 7095 6378 2703 9939 5075 13909 5417 5245 3624 1984 1279 5282 2588 10198 10959 1361 3262 5329 11364 9450 3637 6864 1277 7218 434 7730 9375 6835 7985 5966 11279 9069 8513 7773 8601 5565 8181 14169 13217 3516 7994 1038 6956 1872 2921 4454 7380 12907 10849 5539 1886 7603 13766 13278 12329 13843 53 13308 11247 10568 1627 1531 731 4340 9282 7804 7541 3182 12863 6757 8243 11258 11037 8174 5519 5078 5771 12382 9051 3328 747 11357
5532 13968 13963 44 7137 10648 9907 11072 2190 6404 4413 6298 2270 11633 14325 580 2490 1789 3469 1840 8729 618 3567 13029 679 4733 3899 1492 12266 1866 561 476 12554 13322 3229 5802 7835 4073 4879 4901 2459 9611 4374 1802 7786 10518 6492 2467 13014 7450 3384 1267 14338 1111 5075 2508 12580 11752 6269 5994 6676 2034 7354 8211 14186 8379 10440 2037 5005 7200 4021 12561 4027 1792 7282 12375 7923 3553 6221 3223 7759 2773 1650 8859 7875 7861 4010 9275 1816 3959 12536 14044 7389 1884 7039 12122 8971 12794 192 11424 988 5715 13910 7091 9423 7550 6512 13529 8190 11774 4983 7104 9341
6977 9209 5674 876 13207 2366 5302 9803 2097 11701 1048 5893 7475 8221 2062 5984 1556 3986 10964 10876 4782 6978 8590 12748 12657 11136 4601 9566 3055 835 987 9300 10650 12611 14135 12591 2668 13312 11614 11421 3825 4640 367 11125 13526 2642 9605 2357 4662 5347 13044 10174 389 10941 13266 8823 4422 8493 8765 665 7905 7586 9806 8649 3806 8247 5317 4318 11875 810 7631 3869 10280 11477 2784 265 3148 1268 3061 1514 6476 8697 4881 6627 9809 6100 11165 4225 1311 11511 6476 10502 7171 10548 2166 7309 2807 4106 317 2789 7334 7215 2891 11229 9846 1672 10081 8429 10864 11854 2460 2642 4256
13123 13614 188 11663 4615 9854 7347 10766 4577 2588 10490 10465 6110 11876 9616 11095 6546 8707 4407 1655 4046 574 3258 8301 4275 2806 3396 2579 4888 11210 12306 13497 7569 4318 2479 3724 3087 814 8649 12526 11176 2332 4905 4235 2561 12960 10606 13176 9170 618 5551 11577 12279 10628 5416 833 13752 9891 302 3594 11712 6846 2091 1214 10810 2985 13467 4334 4800 201 7286 4786 1662 6731 4058 292 1246 5477 13537 1327 10376 10014 13506 7303 6103 12021 1545 14057 3744 487 5605 12802 6665 10531 6516 13097 14302 3972 10519 9941 9442 943 10303 13301 1813 13500 4011 4738 9139 6391 821 10797 999
138 13609 578 12955 2391 9877 1953 10522 272 8744 11521 1229 6164 3490 8581 6462 7 11361 8820 8766 4427 12560 6844 4315 7408 7213 7163 2275 11555 4150 7503 1689 6812 8228 8502 5509 7110 13853 12036 5844 9801 4036 10032 9587 11263 1678 6518 6240 3055 4770 8354 2396 8673 9469 11345 8623 4363 104 9264 4579 1296 7226 13407 4412 7595 6900 12998 4162 1614 5144 8152 4645 9938 1824 405 10141 1106 12700 8317 11409 12215 5812 12108 12717 13934 3906 10407 10621 7161 10890 10215 817 13053 7527 9638 33 3841 5997 40 8027 2704 8084 3768 3970 308 10063 8370 1449 10697 2553 7332 9698 10755
3947 11841 7239 8162 1814 11876 1999 2192 13392 7129 7971 11893 10512 10857 5591 11219 5538 291 4259 10749 5967 3669 12288 2023 1391 7204 6473 10195 12830 6499 14284 7123 12386 3288 6305 13060 9041 9673 13967 8138 11266 33 7069 9241 12511 5084 11625 7351 8162 12376 12306 10860 4630 9783 13194 14238 8672 1705 4545 6899 10187 11495 5136 12767 9613 7357 4935 8497 10005 6512 9105 368 2593 5394 2382 7797 6586 11053 3545 3945 2851 6864 4594 8535 12102 8183 13118 4699 8163 481 5041 10057 6088 6750 5495 12896 10966 4531 14046 10103 14267 12390 8537 5527 8059 7358 8005 9982 2453 10275 11273 2192 3098
6975 10154 8839 1104 9055 8017 14082 11076 2425 1286 2976 10103 4193 11369 13902 10063 4055 2535 4299 5627 10880 8909 1606 12441 1330 5955 87 1544 6503 4176 8956 4635 4858 8223 8740 10129 6440 3919 10183 2434 8986 6766 1640 1431 4338 4566 4733 9634 12778 6191 10502 6613 10999 6887 248 12231 7022 8060 2448 2924 12133 13024 4367 1148 12461 8283 2374 1673 4401 10550 3249 9407 7183 8127 5299 7020 3911 5083 8953 14127 13751 4060 10617 11997 11794 392 3200 1570 8200 10195 4475 7280 556 11966 8681 7294 174 5205 13853 9253 6178 8477 14161 12925 12027 12146 12374 1794 1205 3517 6888 14209 4132
9401 4143 2409 1078 10881 3959 9888 5562 2302 3175 8064 1299 9138 12852 1476 6881 2910 9282 5878 1205 2573 7615 4162 4696 9763 12310 12576 4625 4973 5079 4495 12656 555 11948 12138 2147 11515 2160 696 785 9506 5796 9164 4649 10041 5679 4181 512 12454 12758 304 5550 2008 2241 12855 7341 2162 12140 905 8855 10043 3995 14125 3745 12367 12613 8587 6978 1706 11718 5634 11606 8435 600 5648 9218 5455 1691 6495 10304 7492 806 785 6191 861 11587 957 4753 43 3188 6700 3231 5314 4698 12653 11992 2141 4914 7762 12345 6199 13900 8599 7428 8175 14197 13746 13332 8018 11858 4055 6406 4098
11097 7802 3314 12441 2181 4405 2592 13685 5362 1171 2551 214 2448 12867 692 12480 417 12990 7872 13516 11360 3385 12811 10023 1478 13268 380 12644 1961 11378 3421 5511 1955 775 10450 12512 13935 6392 7810 7029 7537 5991 13350 8449 951 2204 12580 6411 4145 11392 8309 2305 9066 10996 2306 8962 11397 3698 1883 10717 7288 5508 1702 11055 791 6755 12309 5787 11214 10866 9307 4282 9177 12002 5056 5764 1199 9012 3050 1734 13202 6417 669 3298 3566 9934 7947 7691 10021 7765 13168 13594 9735 5526 7351 11581 5093 7694 13738 10692 4394 9752 3379 5664 9192 12805 8773 7603 13264 13123 5461 6434 10756
2701 13453 6275 6585 3506 14088 1827 4435 4637 2217 13967 8150 3322 6649 6645 8697 7430 6062 83 7771 1774 1505 8998 4011 2218 11369 3213 143 329 13817 10272 7213 2325 8782 4435 2039 13399 2066 14173 6232 6655 11348 13629 12052 3180 4506 12854 5632 3849 2698 9994 4783 5981 7057 12763 6759 10057 12184 12955 12056 2960 4116 14018 13958 5634 10952 8730 5053 1299 13561 3102 6138 12068 1235 12324 562 2157 13460 9564 1015 10210 7747 13700 2289 10785 3472 5840 7164 13930 7254 6790 5354 763 13886 8771 5226 156 9743 248 716 12070 2158 5642 757 1512 1965 10893 1028 13166 2442 8439 10843 6823
14168 7143 1829 1929 10461 3119 13303 12988 4543 7553 11402 5576 5320 334 7101 9254 5739 8326 2545 9348 13708 2889 13877 8460 3811 14021 6064 3625 14300 8315 10651 9477 7641 5397 12520 7746 7157 6203 7161 893 7732 8411 13321 11336 12784 574 11066 8204 12556 13798 2908 12548 9639 3712 3117 11919 11322 11289 4187 5494 2603 5898 2466 193 1338 12710 14257 12594 995 11607 5843 13511 12377 12994 14333 9904 10742 10520 3565 14072 9842 14122 13226 5872 3845 14008 10523 13854 2127 7758 12126 4791 10645 2665 10380 7772 7153 11263 13017 11525 13598 8938 11565 2535 2848 2104 7866 3072 8354 9900 3242 8772 10241
2828 4791 2745 12377 2215 11972 8916 6641 2474 9500 4457 1740 589 9956 10502 11976 3864 5080 10240 13898 5997 11362 10316 3892 7611 1001 6857 10378 13127 2038 10167 10248 9062 8302 4488 6841 3508 2108 9201 13441 12566 14098 10672 9461 924 2612 11796 13353 2090 4536 671 764 13589 544 3764 10651 1971 13852 10100 10116 7616 5299 12499 9713 7444 6489 4352 7238 5631 2447 13169 3519 8268 2148 13317 191 3638 3513 6114 3781 8393 10315 6783 4164 5924 2086 710 6237 5872 857 13582 6559 13194 6956 10351 721 4296 7583 1947 2881 7472 5632 12125 9245 5802 37 9233 13017 1131 6752 5374 10050 8126
7100 769 5053 9323 10910 1428 7049 681 2936 749 13642 5146 12982 5348 10976 845 4019 5348 2973 2606 14017 10468 5798 14282 771 9073 11522 1233 455 2238 4095 11581 2277 12142 13733 9711 8304 1339 7358 2424 2434 3077 410 13078 13221 7427 475 7893 1522 12960 3710 4666 8887 654 3026 6260 3618 9851 6236 6985 9887 10288 3961 7206 2302 6751 11258 13149 14246 10780 7451 1877 11660 7131 1038 834 12210 7580 2303 12501 2733 4134 6683 8532 8188 2250 10412 8085 2989 4833 13773 3099 2483 5342 2467 7623 2928 8127 868 9539 9192 8532 14163 7220 2465 4998 8770 12794 796 6583 4582 589 13090
13472 9305 12036 10910 7474 9794 9059 12323 3001 5283 3523 12203 8351 13513 10251 189 13595 7339 2362 2104 10387 1402 9233 13897 12590 11114 8121 9363 6542 5495 7278 12148 14122 4853 13128 1304 8504 2127 4315 7550 7648 10224 13879 7157 7984 8606 1152 7185 2399 2763 654 2669 1952 4620 12143 858 13132 7887 4606 5579 8240 9443 10156 2956 4019 8874 3393 10168 7673 11063 12473 12967 13967 1319 481 4061 8715 4817 12976 1619 889 9628 5668 8963 11365 13602 2906 6560 9882 10576 2417 3215 3537 2709 320 6088 3139 5428 1387 7013 6129 4770 2399 13176 12776 5802 9452 11056 5121 13010 4733 4466 1879
3735 6382 7666 4016 3483 11315 11624 11893 5098 9132 3911 10041 3411 1619 10106 6687 2780 4598 7440 11495 2320 5527 720 5261 13949 6727 6772 6553 3757 5718 8756 5613 8110 6362 9400 6646 13362 4183 11076 10057 11617 10423 13393 11463 11367 11752 4324 7646 4645 12805 7633 10608 8323 3191 9579 12295 2008 940 10212 8917 912 8017 3302 7938 238 1084 9339 6460 7088 7828 5520 5846 5970 8996 4554 3711 8837 11338 7069 5402 5766 9882 815 8042 10424 10235 6204 1567 6164 10299 369 5217 12653 889 2539 12372 1958 764 12456 12183 10599 9475 142 13341 11381 6904 11980 11700 11581 143 4649 13758 1713
2027 3249 6220 4474 9466 6155 3492 2696 8562 1527 6914 8646 721 5904 13904 6610 6524 2474 11926 9005 5844 10684 7054 10195 4078 5922 2700 6112 2362 11538 3666 9863 11228 4843 11625 3730 1116 2156 12614 10920 629 7926 5417 4001 5748 8885 13223 13793 7487 7006 3889 1268 10010 3534 5278 2974 13704 9096 9543 4395 2750 3724 1405 14346 10766 5900 8257 9533 8366 5768 8311 5505 6975 6333 11523 2810 6349 2951 5591 5159 8432 7950 11849 8566 1755 12109 88 220 10300 3739 8692 309 7930 14292 11567 13421 447 3643 4685 8496 13404 9229 4606 8452 1875 268 10633 4203 11005 6420 13284 10045 4555
11874 5421 558 12818 694 2238 5557 10314 1074 8063 5044 14072 12021 9017 4451 13528 9372 9794 12452 32 1809 6406 7467 4919 3744 2412 457 6418 4247 2062 1585 6509 8448 4935 995 9739 3655 4942 6910 14287 4230 12704 12154 6387 1394 12575 10648 7336 1796 1740 3316 11053 8904 12690 10367 12108 1415 11088 5828 10991 4811 2930 4426 10690 6782 7388 4090 10719 9905 6593 11618 11940 5752 3236 5754 7623 2411 14308 9776 13115 8146 10265 10777 2001 3363 13303 2805 4086 615 2375 10063 12863 3441 7374 11246 8045 12668 11611 14021 13219 4780 4676 11633 11551 10027 2563 13198 1962 1255 2496 6757 7355 9378
3579 10116 10209 10119 6581 3761 2397 7610 4969 9588 580 8470 12896 12911 6264 9866 5562 10883 2671 13215 2607 4225 13609 3788 925 2953 13468 3586 11024 10354 1197 3985 9139 8815 11896 8526 8210 6775 6943 6425 3300 12489 8800 2239 120 9498 6312 10703 8883 7416 1758 11027 6519 13003 14137 3217 5795 14283 3272 8356 5331 4552 7050 3336 2384 12970 11856 5322 9208 13311 771 12676 7601 1404 13060 5770 11837 13524 7188 14000 13467 7736 11897 11863 210 1865 4281 10855 4130 12108 6123 10167 8528 5954 8596 9100 4540 12113 4618 9792 8973 10033 7142 1300 724 6999 1669 6682 3370 7512 4475 10290 12100
1144 11161 11333 6886 693 6946 13472 7548 12954 5522 12496 4498 10832 864 2501 6252 5362 14140 8257 10013 10858 1378 10350 5769 9705 5797 763 13087 12828 6245 10968 9744 8086 217 9658 12497 4649 12529 7453 7200 2187 888 13025 3347 6426 5152 3471 5792 8322 1961 10668 3378 2029 11195 157 13915 13802 2606 13313 4533 4656 12893 4017 6449 11083 2087 6960 7842 5906 5173 4887 9440 13874 12554 3899 1849 1592 9749 5485 1720 7988 8913 422 6258 216 2472 14155 11167 10688 13569 602 11181 9465 7345 11116 9982 1190 13435 13801 9156 11291 8501 3863 8459 11516 4286 10674 4999 10015 11710 10202 11380 9870
7304 10587 8912 184 4440 5516 10884 11066 12461 8075 7808 2131 2933 1268 8474 4302 3439 6221 11826 2895 13083 10371 10514 7410 11227 5883 11932 641 12217 10292 3550 1563 11965 8913 6046 5987 5516 7950 3403 339 11986 11552 4001 1362 594 2104 12402 9281 14319 7725 12384 3816 10669 5070 12940 5448 2794 11650 9929 642 13841 7403 12101 11734 1010 4430 11199 12946 7181 11286 4126 1978 9374 13410 9657 9810 6217 12934 8351 13485 3209 17 2478 659 1784 12590 10495 5092 6884 9244 1424 13892 6156 7038 7579 5464 301 8091 11404 7509 5306 12843 2315 1949 3534 12751 5057 7149 7967 14174 7185 13005 14186
10964 2592 7647 11974 11835 7287 11580 14129 10558 1223 9048 3566 11314 11816 6242 11781 13884 4207 9272 157 3218 2917 6336 7332 5587 4843 2275 2197 2169 1511 4758 9266 11741 11712 3312 7651 5049 8001 7509 4003 2229 9777 1009 10447 13448 6163 2748 14088 12044 3688 7334 2086 9104 6355 6351 6073 6017 3926 5238 4582 4491 4602 11259 2681 13108 1095 2879 12400 2578 7939 10848 89 7984 7403 1409 12616 5309 6502 13973 5923 5098 1259 818 10296 1712 6215 9595 5612 7181 3924 8880 10323 11122 7361 5249 8830 8697 14036 4220 3341 7760 809 3146 9471 130 11436 6744 11463 11232 14004 9837 13984 3230
12461 1456 12147 4662 2536 578 8874 11510 13295 12974 6694 10943 11239 7188 4877 8035 8398 6564 4477 520 3190 6947 3161 10042 6913 13105 7997 7651 14076 4630 5337 4158 11515 8800 9729 10850 6406 10334 6320 13008 12405 13724 9027 14345 8057 14038 1236 5820 2212 5859 5607 5757 12576 3496 12000 4387 12864 12611 11461 11440 11664 9358 1268 13235 11763 13051 4847 13219 6541 135 3236 13986 1279 11309 5588 13402 1800 1828 8662 2077 1257 8400 7277 12428 4370 2000 11024 13921 13146 8983 2891 7113 8045 8600 9367 6661 4121 4407 11257 9234 314 3446 4579 9704 11262 13534 7910 3381 6420 14151 10075 13988 8880
3677 3297 10690 6882 9986 14172 9480 3926 8884 7548 10715 12033 6796 3011 14088 8364 815 2683 8456 12594 1291 8584 1468 10132 5704 9511 13856 11239 10808 12891 6359 3186 7356 5954 2959 13702 3142 7941 3916 12570 1652 4533 9186 8005 10494 4650 3483 3435 2141 11128 8645 8089 6353 7133 8153 564 12354 240 10327 9587 6598 615 13767 12292 5157 4139 9704 11508 10490 12357 6539 8794 4403 5162 4627 6590 12036 4342 1933 5069 7228 10616 894 2338 937 209 13530 12335 9939 1043 1290 1594 6249 10211 13177 11022 7156 13859 7329 7243 12903 10813 14183 12465 6140 1991 7006 3851 5980 11287 7010 12748 11094
5127 4492 10907 188 10439 6392 12376 1178 7685 14170 5449 12934 10869 272 12423 12601 8270 8906 5290 5051 8692 7865 1671 4072 8076 7239 10031 13244 13928 1995 7992 5181 12247 11115 9424 11453 13861 3200 535 12216 7479 4864 13225 3171 12234 11516 528 6244 7092 4605 11912 8959 12923 7056 5005 12779 12553 7327 12624 222 3617 4520 9902 6086 13991 6357 13160 14306 1467 13966 8200 9307 8341 5045 7528 11108 7035 3990 8498 3866 2802 4423 9278 13359 6907 10752 4154 10978 12524 13775 1536 6932 8367 5172 8940 10614 1192 14307 13668 8717 4445 9497 9830 3448 7094 724 1710 9704 4564 7053 6682 2558 7113
5421 2477 5102 9221 3598 2671 11687 1230 6819 11094 9467 1212 10289 4051 8550 10080 3281 13754 6282 1109 2487 5547 3476 5861 13647 12526 12161 7351 1434 11844 6879 12300 6937 11364 6080 528 2444 13825 5570 14056 234 643 3955 8084 6005 12044 13432 2208 2735 12631 3034 8988 5390 6481 14066 742 2520 6998 3221 12350 315 7017 9351 13634 2716 9823 6267 7658 3317 8335 6698 1061 12866 4813 9891 14233 894 3022 12346 5245 5039 8871 5170 768 3867 3104 12295 8632 14071 10773 12046 6220 2571 2050 9842 11954 8817 13907 2188 7683 12352 13561 12579 6060 11879 6676 12628 21 9780 8886 10927 1782 4138
13125 3160 6465 2654 603 6921 5691 900 13934 129 13538 7630 12405 3019 6501 4005 3033 13643 12531 10800 854 10314 2505 12712 2338 1528 7372 14126 7111 696 9032 9468 1592 14128 4019 8075 232 9026 8995 9455 13761 1315 525 130 14333 7868 10440 7863 8695 11051 2144 12337 9785 12573 3160 3934 4903 4144 1704 6241 13948 4685 10949 13987 1374 11430 8245 3714 6217 1486 5175 2030 6583 7517 6557 2801 13747 1287 8302 11001 660 10133 11369 12714 7489 1706 3729 4674 11792 7594 6321 2257 1856 9804 665 8779 8302 8222 8491 1488 14122 7155 13161 4999 12453 3502 2083 3072 8698 9587 7267 1355 8988
7017 13773 493 11136 8432 3894 8471 1270 13684 3971 2081 9662 4525 464 8568 6218 5850 12220 4350 3283 4621 11005 13191 7731 636 3619 5239 12803 1446 13671 1699 3926 14330 1341 5247 6264 4197 12089 4561 9861 9740 2939 4529 6542 2601 9536 4481 9869 7740 2853 4446 167 11762 2642 12935 7321 7850 5188 2057 5945 8352 6688 13711 1690 9643 3561 12484 13647 2440 12161 4862 13946 7866 8891 2464 13664 11699 4133 13389 6628 839 256 12437 6309 6802 431 9840 215 6446 14067 1916 13118 2085 9793 5144 1388 11066 6805 6497 710 8747 9861 3806 8344 2233 2284 5683 5235 10968 11352 4976 12465 1880
10596 13812 11281 13558 411 6742 7420 12616 3981 13686 7202 14341 5416 11702 10248 11486 2616 12401 10979 10542 14017 6164 6601 8589 13689 5409 339 9902 10626 11748 11149 8875 7268 4576 4213 11413 11907 11543 2192 12081 14236 1235 4554 8347 7400 13240 195 9539 2682 5135 5761 2251 1076 3042 10440 5284 11724 8583 8080 11700 10581 3967 6754 12044 12573 9539 4524 4325 11660 13242 5565 6318 12392 13958 1477 2828 1713 3671 9654 5494 7345 3447 12663 9312 308 7439 3628 9535 3338 2628 8679 6967 8576 7368 13320 10553 7146 4843 10188 831 11226 13160 8291 557 11392 1568 9520 10942 7304 4397 7182 673 10763
2009 5746 11380 14300 1267 11999 7209 107 7252 3694 12306 11598 1626 5838 2270 5511 13346 1013 6519 8516 9642 146 6948 2916 136 8377 13228 13692 9939 785 4567 9211 12038 6521 4096 1664 7124 8374 10771 6543 3551 12970 6557 12216 3785 4659 2286 4354 8155 12403 4491 13844 13524 9672 4663 445 1465 11367 4888 9561 9833 8885 5027 12365 1744 8272 14077 7878 2083 3363 11799 9834 3229 13724 6184 11363 12317 10913 1828 2806 2566 10312 12248 5252 7134 5888 4443 5343 9386 1668 8588 10349 10370 10324 6252 3715 2159 11297 630 3836 5136 9899 8094 3553 11425 3385 8363 6487 7587 12572 5683 9008 11548
9581 3675 11280 8374 10184 12276 3859 5686 2982 5209 7044 14269 9689 6442 3607 13732 3302 4256 11010 8246 6399 1243 4533 4226 8261 8910 13683 12910 12345 12228 11 11302 14012 98 10418 11494 1611 4425 12733 520 2207 2490 10715 12806 4300 9031 4470 1826 8861 13320 5370 1686 482 2848 4230 8671 12276 2925 6773 4288 13171 1829 3756 4670 238 2789 8094 12691 14141 5769 6848 3910 11140 2266 12385 11506 3225 2184 4012 27 5219 8515 901 3630 4227 12805 14183 7015 6814 1970 12495 144 630 12568 7064 6736 13792 9952 7425 2756 9677 10990 2605 14290 11134 250 10634 12302 3807 10853 12176 875 3955
8404 9798 5928 5274 8354 11639 10871 8613 10267 12595 814 4779 6801 12062 10134 14021 13103 13460 14321 5612 13887 13501 2244 3450 8941 4759 5490 5382 8783 3534 12319 3336 4195 3380 5975 8596 11651 5168 2072 13601 9033 3237 2139 6520 10128 6969 300 1879 11044 14321 7466 4044 9777 12161 12983 4874 12912 4543 5906 3234 3860 10226 7100 11210 10759 5042 13379 904 3245 9444 6165 13064 2651 8995 13405 1531 8945 5447 10636 5083 12689 12992 11656 5077 11697 7901 12950 11068 6837 11580 7351 1250 11453 3687 13643 12869 7188 1075 2509 10746 11193 8054 11016 13239 8641 4703 437 8304 11231 1903 10367 2202 11747
9683 12634 13173 12372 13266 7870 8455 11736 11071 5693 9623 3258 1382 11058 5198 2323 6394 1758 8557 2772 6890 13708 1169 11592 4901 12654 525 9406 10546 12889 8800 9205 951 11447 4318 2850 7977 4163 11330 14065 13528 11053 3959 5485 6753 3453 12851 7495 12600 6482 10533 2432 9239 9276 12791 2302 11841 60 13029 7850 5952 10264 387 5905 2152 11473 9818 3258 3629 5919 7495 8296 10686 9464 10631 4783 1074 1691 7019 2758 3025 11470 3711 1951 10148 13500 2755 2025 7874 1403 7981 875 11086 14222 7661 12994 13111 6228 3564 402 890 9806 5029 13373 4677 10148 2002 11406 3232 6396 14173 12503 4599
2586 9108 10925 1762 8899 5058 11806 479 14163 4216 8040 7497 11443 1325 13889 9518 6753 11581 9481 13009 10075 1307 5462 4330 4620 5549 12590 6320 4806 3958 13221 12935 14261 10705 8297 7627 11899 5750 6721 3334 54 394 6898 6778 10037 12401 8698 12780 11251 7369 8348 7406 5064 6477 8729 5608 7024 12395 2627 9365 13491 1189 6939 4085 2014 12984 4465 12967 4715 5000 1726 3466 10125 5607 7088 129 1336 6116 5314 6000 3143 12227 4947 8943 3431 9783 4364 7009 12148 10951 3048 12313 5951 2344 5444 7816 7481 2341 3393 9461 5176 116 10414 13704 6632 8916 7444 14120 7633 8394 10240 2013 6469
8761 6905 11716 5426 11104 8669 6162 4749 7548 10980 187 1072 10569 13528 6889 41 9358 11829 3810 4890 2243 8557 5328 3830 775 12182 5825 9494 13311 12723 2471 2340 13132 9037 13461 11256 12852 13736 558 13598 10516 13791 6832 6779 4381 3999 5656 12269 5824 6046 2134 7032 10612 13249 8508 5259 7601 2588 4086 4514 57 5020 3171 6407 849 2878 8245 9509 4294 10438 11429 3526 1206 6302 160 10910 12552 4169 2647 2873 7071 11829 9105 6979 2501 13691 9661 2318 9817 5169 4813 2328 8134 12422 9438 13741 8744 14231 8787 9303 12591 3453 7290 12710 8056 7260 13762 7687 6019 12503 4831 3807 5548
6572 6535 1792 6410 6638 11923 1724 4842 7475 9721 7175 4247 12522 2577 6479 11935 1243 1993 14205 3352 7764 5484 11182 13318 3873 6411 6395 10212 8270 1524 5255 8528 1462 7956 11761 5563 1464 13420 3277 4175 333 7985 11369 12487 10970 3295 14263 7836 11291 6457 5436 6786 10281 3994 8879 5733 13680 2428 12628 4373 2091 9894 11170 9001 9354 4829 13785 11654 7868 6357 7305 4794 11688 9887 3821 5258 3466 6163 5181 13873 6244 154 12711 2373 8873 10698 11468 5694 6285 4316 6868 8624 2694 8389 10616 3100 9489 13236 9817 3758 198 9365 12507 13677 13549 303 6576 506 2621 5668 10944 11516 8939
9109 3896 315 8151 8712 4785 3618 936 1074 5244 9872 14129 1768 2616 1056 4792 785 7675 8572 8522 6187 546 5816 1213 5185 14175 13903 1640 1132 382 4427 11124 9829 8299 9030 1949 6354 4420 3069 13520 4000 6151 9966 12456 7008 6683 6263 7470 11870 4657 6260 13924 2255 11085 4561 8252 7648 665 1022 8665 11337 13103 11397 13501 7926 13895 6515 8144 9472 147 2051 7803 2104 10156 4746 12520 13037 6841 695 12996 11643 5231 12919 13145 9567 4682 1358 3274 6770 2745 3536 7443 9486 10495 2888 5114 6080 501 14092 86 9462 1140 6461 7080 13274 5700 5154 6003 7191 5027 6355 12240 11639
10450 13581 11136 10913 426 5249 2371 8779 6716 2027 139 1560 12193 2689 2418 8847 4710 4647 5684 11334 5986 3748 9282 8008 10682 11226 3593 10786 10314 7646 13286 3573 2911 3653 10557 3871 11238 14317 14141 2390 1433 9031 2982 6777 257 9806 2153 13713 3139 4161 4551 5259 13567 5312 12332 5676 2330 7426 2844 9698 12260 3271 2329 10036 3381 5566 385 1650 140 7583 5987 12090 5042 4128 7535 2586 2950 11488 2403 8917 9887 3352 7755 776 4559 10221 3497 3817 11294 988 908 3663 11695 6547 1143 11997 4168 718 4694 5444 8449 10237 11860 8414 1406 3010 4357 2156 13643 7734 7167 8963 10938
7492 10981 12845 1116 10495 10390 5910 4465 12717 6656 1868 6739 348 7555 9548 3787 11851 10550 7094 1988 3584 6496 5424 10577 1355 4432 140 11467 1632 832 8995 2440 6027 9056 9810 11562 9659 8887 2841 9437 1473 12444 12274 9041 3381 109 9349 4365 7670 1854 9311 8837 10948 10215 1731 4004 6677 2423 13241 2636 9384 11636 9158 10344 8576 7572 10577 6942 12735 3870 7641 6182 2951 1170 11513 934 13654 12614 8487 2605 622 13265 12242 9965 14148 5232 13641 2238 13708 2505 1744 6980 401 6922 733 5788 2079 4079 5420 1159 6655 6693 9819 12713 2978 4955 497 2491 9189 2245 9444 4052 8405
12436 8909 10545 11630 2122 11502 3478 2362 11020 1974 8487 8944 244 13367 154 9888 13144 1724 5067 8704 2288 13579 6670 2583 13052 10793 9121 10003 1459 13631 8530 4016 13868 10268 4598 13065 12736 13934 992 4150 14161 1156 2486 10727 9037 8675 2727 7385 9328 3324 5375 1891 10068 10749 2244 4184 4253 12564 12049 6718 11052 13870 6958 3487 911 10981 11593 8762 11069 14266 12875 2145 13507 280 2139 6683 10758 7194 1705 4917 1725 5426 5421 9142 13929 9129 13235 4549 5109 12466 5892 3600 4869 631 1976 3905 4107 9792 6384 1028 12944 8636 6378 5332 11340 7983 8737 1651 12205 1745 12374 11479 12936
12421 7459 12630 8869 2938 1456 4125 4716 964 6233 3589 12313 9826 13691 2235 7950 1785 12840 7512 8160 12711 10225 6316 4846 14199 7014 12865 5163 1120 10992 13522 3318 10848 2276 8479 8980 3158 10828 4361 13379 8047 4578 8284 6814 6501 3945 12774 12619 12861 13590 7017 653 8974 3867 13678 11978 12974 12791 598 13220 10090 8702 6043 13796 4561 6036 12273 3549 10826 4228 602 14005 13624 3371 13861 2341 2823 7559 13233 14080 8990 7278 344 7734 5086 9184 3097 534 4352 2511 5852 1462 11816 8037 3956 1063 8886 13988 7770 9480 4621 3682 9560 7017 902 1295 4119 9817 6589 2104 11514 8838 12833
8922 794 3802 14059 7082 4011 3665 7120 5485 3780 6903 6374 6801 1610 7318 10758 11153 14155 2088 11153 2647 13725 12606 5805 4553 2563 1885 9700 12865 2788 11783 1461 10052 1689 9266 7935 7183 13558 242 5995 12678 4743 8498 9316 6488 10356 6610 1078 13678 1240 741 3863 5854 8685 11429 3405 229 7971 5986 6777 13686 9359 10467 1356 12077 3947 3033 4133 914 9461 476 11334 10970 13268 3255 3032 328 14172 8513 2912 9200 6850 13450 13852 5065 4769 11606 11493 9182 8851 7239 7577 12133 765 4933 1527 4360 5772 4779 9884 1818 2135 3175 4160 5996 8216 11022 8709 5263 617 1529 2416 10872
12962 3232 12755 1101 3125 4819 8556 13151 11708 11903 7627 3877 386 2458 14205 12474 9939 1549 4758 8096 4004 4563 4335 3242 2121 8 4880 12398 6240 4907 10938 7220 8132 7407 14278 10302 3657 9673 4227 10124 9337 5793 5544 1755 920 980 663 8326 3353 3329 5427 10983 400 13325 13139 5092 355 1919 13436 4716 6968 3822 10146 3721 1824 5748 2313 7365 7071 3615 4572 9305 502 8842 2955 1874 12117 294 12781 4627 807 11736 4398 14058 2764 6825 3086 12164 12218 11549 12204 1090 5211 7102 6286 12456 4301 4739 11067 3767 12332 8385 1611 9487 11694 8285 5699 12265 8431 1856 1894 13344 11410
12722 1727 817 6574 12010 2913 7315 3538 2180 9704 2725 5400 13115 381 13258 6394 2830 8099 9813 5692 9619 147 6307 1738 2264 7297 1381 11513 1555 5819 14202 1678 5141 11705 8069 6227 3397 5873 13267 2808 10572 9205 7754 227 4761 11350 11881 8196 6233 10141 8321 5332 12955 9342 6512 4166 2451 13319 2484 2406 10270 13539 8200 6403 320 7811 454 6139 5294 5461 8561 5440 3017 11818 12476 7084 4039 12428 6599 1897 10292 3785 7133 1501 4821 8832 4644 10417 12284 8407 13250 5663 3482 99 3493 5825 1738 5630 7809 8934 7079 4593 3209 6751 12 2930 8659 8643 3225 5577 3990 4896 3407
6740 2725 8084 10910 2733 5617 6234 12728 7291 4151 12033 8700 8139 7914 12320 6290 3790 11685 3818 1807 12355 12730 11490 3643 4542 14286 5936 1485 8455 10634 11866 12102 4492 12437 370 11516 3280 8576 12281 14159 3956 2642 2075 3767 5455 11928 5504 9358 9942 5561 6030 7134 2738 8538 2463 5049 7246 5582 9100 11707 2447 1515 4979 9079 8458 5344 10208 3398 5469 1275 7803 3769 4684 7178 7385 6082 14286 3814 3888 147 7619 13004 3152 8895 11407 6108 1305 6608 868 4552 12149 4749 3748 4948 5495 1994 8 11671 9602 11487 12250 12132 14047 3270 10757 705 12995 9006 11200 7326 2456 12635 2567
13715 10882 12227 10365 12352 4765 1162 2070 6347 7966 5277 7289 4052 13218 6298 3116 3435 12848 10017 5248 7440 11196 3961 5276 9582 6528 606 9952 4305 3872 3557 6276 4534 7360 3316 12145 11620 4329 11110 2 4942 711 3670 812 4740 4771 9272 7345 11776 13942 12086 9550 8018 9811 8668 1743 10603 7177 3768 3331 4399 7647 9322 10083 1616 269 1240 10904 7403 108 9784 5855 300 12036 6319 13339 11725 272 2618 8084 8041 6968 3737 192 1516 8213 2170 6043 914 6604 10317 6128 3372 11718 9656 8998 2100 5889 5261 5187 4085 13433 7887 6851 11714 1367 4227 8905 13629 12109 10446 12954 9721
9896 5099 2769 3072 7624 5098 10212 1083 7790 9196 9680 8545 4160 13184 7016 9264 14315 10503 4266 4665 6037 14016 3118 8737 4547 7309 6012 11915 1981 3996 13187 10219 823 3043 3645 7258 4635 338 6618 12724 13178 13089 1796 1440 2131 958 11406 1374 10578 5626 8189 12589 10457 4136 14289 6629 1562 13576 6251 13682 13915 11301 11065 9149 2853 7383 10874 3239 13223 4299 13420 11276 6251 6973 9536 2683 10396 13666 11945 14190 2590 14068 2729 13257 9606 6172 9624 9371 10904 7877 2973 4537 7240 10603 4399 10573 5553 11813 4250 13430 10500 12007 1235 306 10076 2923 12007 9834 11422 7651 8850 2708 10752
1770 1566 3792 5241 6476 10645 10317 9457 11580 4822 910 6596 4868 12464 12755 10969 1105 11610 5675 12516 9331 5192 1104 5432 13908 6757 8251 4463 8164 4582 14272 4577 9556 14271 9696 5833 7961 12758 13203 11511 9651 11684 7710 781 1623 12998 13883 7094 8615 6303 7538 3270 2681 10723 11413 5578 10384 11675 12169 2896 2830 8719 3201 3362 9887 7647 3835 5108 8649 8609 9913 11578 7686 4305 2448 4037 4586 3364 3239 10400 9295 14025 10357 12463 1673 1505 2464 2160 6218 13477 9731 10224 9685 7017 7205 4521 13165 3169 14210 13141 3451 12835 4653 11023 10496 8125 11838 12828 2442 3683 8722 3149 7701
4973 12390 1866 2975 3320 8896 11751 12070 7530 313 9952 12061 4151 9986 4287 6586 10885 1103 10768 4398 4094 9724 6961 2359 10476 10925 6653 3109 8670 10785 1582 6003 4501 3955 2499 2253 5123 10467 13757 14183 1800 13009 9575 4959 6035 459 3943 5283 723 10758 9465 8759 8523 4476 5759 6062 3697 3338 1496 6812 4657 1772 3475 13308 9319 13645 13454 1268 11004 13917 912 10662 1575 12076 4328 9211 5042 4622 4720 11742 14200 8515 4076 8418 9727 7983 10302 11944 12991 8076 12512 8975 13999 12203 892 5450 6377 14186 2620 5991 3600 8777 8389 4821 2902 9842 6712 12642 6815 11644 8996 11189 1220
5859 5081 6094 266 1117 11595 949 10678 4043 802 12627 9403 504 3547 6922 6629 8734 4398 8100 4072 6045 8950 9815 7748 8782 5965 3898 11623 4411 4516 3290 6674 2544 9395 1672 10216 7910 8949 4554 10753 3483 8062 5955 11696 3289 6344 1870 921 7090 2537 36 12466 12565 9292 9539 12203 9659 7063 8900 6293 12436 2641 2732 9251 12897 2655 1154 2590 5118 8048 9569 1671 12934 13366 7561 11441 5729 5256 12004 6037 6538 12383 7124 2759 370 8009 3134 3287 918 8187 13874 8579 10913 10834 12114 5162 13601 385 2197 2488 2635 6964 6569 10046 7133 9763 12414 10827 4109 12540 5835 4718 349
