2871
2 2832 536092
4 564 904842
7 1068 1000000
8 287 641
9 1255 576599
14 1112 545493
16 1155 1000000
17 1089 147
20 1357 1000000
24 1088 951371
29 2599 983185
34 2241 395542
36 2589 904333
38 2416 384120
40 2650 806971
44 805 152323
46 2836 640
47 2635 424
54 1612 997061
62 1530 533383
64 1078 910255
65 2142 933
66 2608 1000000
67 1769 231821
68 574 1
70 122 943127
78 2410 1000000
79 1427 36930
82 514 941513
84 1215 923487
85 2121 982268
88 1731 991181
90 263 924729
91 1456 594969
93 1115 986703
97 829 265
98 1038 764
101 2053 1000000
102 168 968263
103 348 72
109 1199 937707
110 477 70
114 1932 967287
116 74 735664
118 1484 976859
123 754 966358
124 2063 593698
126 2636 674997
129 136 355219
133 1985 915286
134 1047 173
135 2634 968632
137 1032 162775
141 189 963363
142 2465 275731
145 1916 921806
147 591 959808
150 1500 738007
154 1139 75101
155 1761 934993
160 337 951995
163 2173 955495
164 609 509201
166 2002 1000000
171 2199 90
172 2200 910171
174 1750 764883
175 1618 1000000
179 2420 1000000
180 707 1000000
183 342 969742
184 2568 737346
185 13 941337
191 968 68
192 2106 1000000
193 1786 24347
195 1102 17
196 1721 151791
197 2028 951415
198 2018 368559
204 2093 642798
209 1590 1000000
211 1982 677703
216 862 793528
220 2841 988433
225 828 954107
227 50 46
50 1023 947606
231 2546 922142
234 1122 1000000
237 969 965049
238 1148 978760
239 2194 977644
241 61 991883
244 2475 393
245 1925 62
250 2574 351
254 2062 906237
256 247 898377
260 1605 700307
263 499 992426
267 2605 25041
272 2360 305
273 872 971030
274 165 754688
165 2338 159
277 1402 739904
278 117 494580
279 349 1000000
283 312 1000000
287 49 908400
290 2422 720491
295 207 207149
207 1708 505
307 2803 912856
308 2038 343
313 956 937405
315 1682 342656
316 346 629
320 1800 904243
324 1774 1000000
327 2471 964311
328 1350 711376
329 1427 901837
330 257 918836
333 2794 910027
334 634 971318
340 2332 1
341 2663 573769
348 1584 910660
349 1435 1
350 2516 185
352 303 1
355 2405 1000000
358 2838 1000000
359 1380 532866
360 1893 907266
362 2152 25341
366 1729 963008
367 1708 704857
369 840 947008
375 812 965435
376 1049 549829
377 1535 1000000
379 796 866070
385 1340 972016
392 2764 1000000
394 309 940735
309 2071 660512
397 2160 944034
402 1143 511623
403 585 927765
405 288 259441
409 1369 28300
411 1966 237277
417 865 1
426 1271 236463
429 715 910740
438 1077 945869
441 1055 986355
442 792 918704
445 1962 1000000
448 1430 242647
449 878 330176
453 599 1000000
457 404 1000000
459 2797 1
464 1137 994275
466 294 1
470 2484 433
472 2004 872
473 1522 302004
475 49 156510
476 2505 1000000
480 866 910107
481 386 919556
386 157 1000000
490 536 614
491 2097 1000000
493 2171 903
496 1555 535850
497 1849 956697
498 161 1
161 1348 262
500 59 995417
501 509 63
505 780 1
506 414 371
507 120 912488
509 2088 639947
512 173 1000000
516 1117 143
517 2338 851854
518 1133 946846
520 2765 945731
526 1478 984583
527 821 379
528 1110 976473
529 2150 541
531 368 299
532 1209 211468
534 2447 49
535 136 997354
540 1479 924289
541 1965 670
544 2645 149
545 2496 320
546 717 940200
547 1925 1
549 782 1
552 2442 763496
562 677 925853
566 404 997405
570 872 918662
574 1353 377730
575 2588 523486
578 253 380836
582 2162 832233
585 2855 437411
587 2390 802447
592 1795 889660
595 1186 998210
597 261 780
601 1193 628572
604 958 3326
606 2579 939440
609 1809 253472
612 236 910623
236 1370 520172
615 224 877
617 2007 191
618 2285 707
621 2778 973189
626 502 908732
629 934 906096
630 2037 575757
631 558 135395
632 2113 936441
635 240 938537
636 317 774887
641 1338 1000000
642 1000 271778
644 1060 1000000
647 1465 180206
649 1013 952019
653 1988 1000000
654 1851 678284
656 2168 403
660 1628 708
665 81 1000000
81 2378 392732
666 1024 968576
667 336 986368
668 797 920829
671 1438 1000000
672 1463 831700
673 1357 440
676 1790 973
677 594 71
678 439 772388
680 1577 928866
681 1415 982589
684 651 497898
686 816 703576
687 1018 933424
689 2807 1
690 2311 71004
700 2766 950723
702 1568 240696
713 130 1000000
714 975 437866
715 1562 989976
717 243 862041
243 22 1000000
721 1655 917453
722 1350 342216
723 980 825118
727 830 1
728 639 929862
639 306 852
731 77 987392
735 1194 997887
737 1435 356
740 2184 934953
742 2146 978967
746 2589 531047
748 169 989
750 622 362425
622 246 763961
753 2596 484528
754 2466 1000000
755 698 1
761 104 906109
104 569 955173
569 645 617515
645 2051 1000000
766 121 1
770 780 905770
771 447 46222
773 924 900567
774 119 350
119 1954 938343
776 726 337050
781 1793 940478
782 1310 943956
785 2498 917017
787 514 901515
788 1280 991518
791 2389 864
792 1820 237772
793 1933 279787
794 1204 1
799 2463 553
803 818 562
805 1187 943806
806 1225 860
810 2457 1
811 1251 957
812 1462 297696
816 1581 946513
817 976 926028
819 1 548
820 580 48586
825 815 835040
827 401 877029
401 2073 455961
828 2378 984875
831 763 767
832 2711 925473
837 1867 809
838 2567 906753
841 2616 710
842 1988 516652
846 1413 995280
851 2755 624717
855 2660 294845
857 2323 363745
858 2455 71333
859 599 225
599 2272 635437
863 2174 415
867 2676 998635
868 1935 82
870 2481 153822
871 2203 1000000
874 804 400
804 2623 1
875 1752 491
877 2605 265999
878 1572 104343
879 2442 926879
883 2806 54
884 2706 913680
885 2090 969511
886 1442 88
887 2015 688
888 1592 203
892 2068 938554
896 2291 145
897 1179 658706
898 1309 922594
903 365 907986
904 718 1000000
908 1593 134494
910 1168 903491
911 2139 974646
915 2568 111
916 1904 297
917 2151 380
921 1466 666054
923 1674 1000000
924 1406 867221
925 1596 374060
926 2688 960784
928 895 1000000
931 2393 619
932 2721 3498
933 48 1000000
937 1187 915961
939 2244 976790
940 1052 1000000
941 1473 522159
943 1577 681041
945 162 776657
162 1217 1000000
947 338 524540
949 2314 894591
950 1572 915043
951 1564 383239
957 58 969792
58 381 26502
381 2494 454
959 1375 701147
960 1420 141
961 2056 774682
964 1512 620
967 1296 253620
969 177 989083
177 1395 1000000
970 1024 367
972 1130 260263
974 242 931954
975 1024 848466
977 440 937754
440 1589 917365
979 2688 960459
980 1627 919159
981 2870 293525
982 605 911637
605 2108 1000000
984 446 1
990 638 1000000
991 538 900046
538 661 497559
661 2006 1000000
992 305 707003
993 182 990620
994 1515 479203
995 795 197
795 130 992057
130 744 958004
744 2093 880616
996 1391 454979
997 1699 927476
1002 2159 1
1003 2054 1000000
1004 2263 946316
1005 1014 1000000
1006 486 1000000
1008 1756 948260
1009 1236 303
1012 2379 962332
1013 2577 965176
1014 1393 215689
1017 1056 491725
1019 2488 646146
1020 2534 572031
1022 556 54166
1023 912 728299
912 515 431
1026 188 990653
1028 13 906874
1030 2445 908441
1033 1173 267181
1035 707 921911
1036 683 952696
1041 2514 970615
1042 1960 829
1046 194 1
1047 120 348321
120 1527 881
1052 2221 944037
1053 1037 959984
1054 1196 332457
1055 775 462
1058 2790 966742
1059 823 955958
1061 1794 1000000
1063 232 775
1064 2331 413
1065 1855 1000000
1068 1080 904
1070 2252 319572
1072 1382 957377
1073 125 75164
125 143 757
143 1897 780
1075 242 600
242 1400 953567
1078 2144 465
1079 824 851889
824 1533 110
1086 2611 308624
1087 456 1
1089 2784 935941
1091 270 268
1094 778 263931
1095 1542 991923
1096 1927 205226
1097 176 254
176 2284 1000000
1104 2445 903328
1105 864 1000000
1106 2021 627374
1107 2823 504765
1108 1415 472
1110 978 1
978 2063 270561
1111 2733 983698
1112 1912 711679
1113 2695 957709
1117 1138 960087
1118 255 986149
1120 1468 281655
1123 48 129
1124 1878 923558
1125 726 1000000
1126 2265 1000000
1127 856 421181
856 1500 1
1129 2447 940155
1132 2071 1
1136 616 936792
616 2190 701931
1137 294 182
1138 2239 1000000
1141 550 917547
1142 2555 931
1144 2258 918178
1146 2765 909390
1147 1251 125570
1148 971 966445
971 2814 911784
1149 467 948057
1151 2201 1000000
1152 2394 952110
1153 2464 875
1158 1833 166105
1160 1905 1
1163 895 167
1164 840 1000000
840 1018 1
1165 61 933702
61 2235 990494
1169 594 974
1173 450 422072
450 2228 884264
1174 1612 1000000
1175 1764 1
1177 833 967021
1178 363 47
1182 281 900365
281 929 923553
929 2206 878780
1183 2069 1000000
1185 2474 396153
1186 2405 602241
1191 212 462
1193 2413 1000000
1197 973 85
973 2418 791395
1199 536 986158
536 205 1000000
1202 2216 13
1209 1758 1
1212 2213 531143
1215 199 1000000
199 955 991120
955 2220 653235
1217 705 783996
705 801 277666
1218 2751 974120
1221 2015 1000000
1224 553 916418
553 655 293756
1225 1888 651183
1226 1603 299
1227 2669 548
1229 555 951980
1231 2349 1000000
1233 1455 1000000
1235 1381 931407
1236 2697 789267
1239 2100 988680
1241 146 200020
146 1279 671
1243 25 842646
1244 2426 533859
1245 1170 263072
1246 1889 916023
1249 1898 305
1250 1366 36173
1251 1413 636
1252 542 4107
542 2053 250792
1253 1861 901874
1254 1607 191581
1255 1206 463690
1206 1560 918932
1256 2859 841997
1257 2566 922530
1258 1946 929034
1260 2122 878
1262 1868 997993
1264 1520 928426
1268 627 1000000
1269 2773 798339
1271 1851 82447
1272 1698 994705
1279 772 1000000
772 1923 816139
1280 648 40077
1282 1140 975696
1283 331 903266
1284 1380 170982
1285 704 1000000
1292 708 902189
708 342 986215
1293 998 133177
1295 1576 1000000
1296 423 1
1297 739 114671
739 410 943403
410 455 333
455 2577 604
1298 2394 949051
1300 2868 912969
1303 935 938819
935 1686 1
1304 1176 200
1309 2644 358592
1311 2435 498839
1318 2618 704853
1320 1156 923831
1321 1489 907442
1329 899 1000000
1330 1858 906
1335 889 936695
889 2487 65033
1336 563 323719
1337 2745 969311
1338 1569 644957
1339 300 913863
300 1371 937241
1340 2088 78723
1341 1085 962764
1342 2520 324377
1345 830 943622
830 2241 1000000
1347 1267 342
1267 2060 399198
1349 2595 969127
1351 682 927654
682 1962 463311
1352 2137 936021
1353 2626 613001
1357 468 717831
1360 839 161274
1361 2545 933147
1363 1328 564008
1364 294 984116
294 1822 393
1365 1935 884958
1366 317 930388
317 584 247091
584 2389 197986
1367 1852 961268
1368 966 1000000
966 52 953238
1369 383 605444
1371 818 1
818 762 1
1372 757 1000000
757 1273 121211
1373 414 921437
414 499 473914
499 1731 506
1375 2009 729
1376 1408 961414
1378 1497 912588
1379 1277 421
1277 1385 557819
1380 663 257
663 813 979240
1382 1769 638396
1384 1505 1000000
1385 1276 881368
1276 2387 913525
1387 1274 662
1274 373 985744
1388 2792 1000000
1390 214 482
214 2617 293693
1394 2790 497898
1395 1715 952264
1399 2090 1
1400 2517 11
1403 1211 194901
1211 2456 172519
1405 1027 800444
1407 2494 400
1409 558 1000000
1412 853 856519
1414 901 911400
1415 1081 30402
1081 275 1
1416 1040 967908
1040 533 1000000
1420 1539 944675
1422 729 971020
1424 1586 677
1426 1924 54
1427 2159 989388
1428 2575 596916
1432 1629 1
1434 809 562
1435 2546 974845
1437 894 660651
894 337 1000000
337 2246 1000000
1439 167 649462
167 2862 365942
1442 2071 981874
1446 303 1000000
303 1596 986
1449 1760 294
1451 1240 981441
1454 1511 1000000
1455 100 137
1456 2455 405
1457 1370 981275
1459 2565 935549
1461 2060 998978
1463 835 158
1464 2809 653426
1466 1765 957
1467 428 996577
1469 952 99296
952 2070 930693
1470 52 952240
52 2282 913189
1471 1880 285
1474 1607 963468
1475 218 971
218 1421 411609
1421 2200 887113
1479 2439 668364
1480 2288 991108
1484 1735 937012
1485 2022 586095
1488 1240 91411
1240 344 332647
344 1932 879962
1489 920 1
1490 477 900016
477 906 981913
906 2771 467902
1492 1908 737205
1496 1972 521
1498 55 438
55 2679 670
1500 2660 902151
1501 2533 1000000
1504 2241 931916
1506 200 457
1508 767 389519
767 1975 457
1510 364 850913
364 1722 77
1512 1077 413
1077 1931 548630
1515 2662 1
1517 551 371331
1521 1835 931
1524 1189 989174
1189 1205 968
1205 1582 1000000
1528 357 5
1531 2447 942568
1533 2701 252
1536 1929 636
1538 2473 954704
1541 2757 966815
1543 709 721303
1546 1100 688253
1548 1356 935
1356 1889 193220
1562 638 256
638 69 988445
1565 2194 55
1566 23 902831
23 2869 1
1568 2064 931125
1569 1935 916048
1570 2211 856
1572 1969 488537
1573 1611 920435
1577 1642 558589
1578 2096 133736
1579 556 1000000
556 107 954856
1581 1098 999671
1585 852 729
852 891 939488
891 1114 40792
1114 1482 1000000
1482 389 1000000
1587 2777 974169
1589 651 667
1590 1333 939245
1333 265 831054
1593 1419 567
1599 202 1
1602 2429 191
1603 2726 674
1604 989 978489
989 2814 1000000
1606 1553 305970
1553 2015 914016
1609 2847 873497
1610 1662 923
1613 869 652108
1614 2780 1000000
1616 1291 29267
1291 326 625746
1618 2007 912589
1619 1772 977047
1620 1633 968146
1623 1109 897124
1625 502 676617
1626 2261 517
1627 1564 905092
1629 1750 406172
1630 564 815353
564 2098 1000000
1632 2357 928048
1635 280 198
1637 342 746499
342 942 1000000
942 1657 738
1638 43 240
43 2317 926917
1639 495 1000000
495 1208 972436
1208 854 986001
1641 1956 969760
1645 1143 921429
1143 439 891722
439 2409 330
1646 2648 1
1647 1307 1
1307 2436 692448
1648 1915 169322
1652 304 993231
1653 2826 1000000
1654 221 733236
221 2162 485540
1655 1348 974657
1656 1715 720231
1657 669 1000000
669 683 831
1658 2070 333082
1660 843 970583
843 1792 642649
1661 1628 991909
1662 956 991703
956 53 933363
1664 2040 756
1665 775 192025
1667 581 931329
1668 2403 936837
1671 1286 866210
1286 2059 925383
1673 2696 539
1677 2602 328
1680 1592 208840
1681 285 1
285 560 579346
560 2017 955
1682 1007 916832
1007 89 87266
1685 2604 5
1686 301 912348
1687 1265 488
1688 2503 1000000
1689 623 87237
1690 153 708
153 2425 933470
1696 1452 18382
1697 869 901545
869 412 959020
412 1951 202
1699 591 799
591 1029 963189
1700 2840 758
1701 1393 794
1702 2766 564
1704 2818 84
1705 2430 996315
1707 1633 704691
1708 522 597
1710 580 907427
1711 265 103316
1712 1473 437
1473 1719 1
1714 762 318005
762 836 1
1715 1972 977401
1717 2449 1000000
1721 1921 405738
1722 1166 831
1166 158 205152
1725 2712 196573
1726 1196 1
1196 958 333
1727 1074 629345
1074 749 214
1728 2615 202
1729 2854 972080
1730 1529 689033
1529 2250 302
1731 1 386
1 1842 214303
1732 1944 693619
1733 2417 255393
1734 2473 157641
1737 1162 1000000
1745 2078 931002
1747 2123 1000000
1749 525 831742
1752 930 941171
930 1904 1
1753 326 379509
1754 1085 1000000
1755 289 981912
289 2668 1000000
1757 1133 1000000
1133 2023 1000000
1761 1799 993075
1764 468 679
468 2213 1000000
1765 2371 964465
1770 2841 996387
1772 1195 631
1773 1348 40
1348 2138 911255
1774 2207 1000000
1777 2467 908034
1778 2537 778917
1779 297 469223
1780 365 778012
365 2008 159
1781 1413 626939
1784 2567 387273
1785 1389 802
1786 1315 1000000
1787 326 136
326 922 1
922 2820 921499
1788 586 451190
586 265 1000000
265 2762 1
1790 1798 162096
1791 435 937292
435 338 912
1792 628 1
1794 1327 1000000
1796 2572 539484
1802 94 1000000
1803 561 423080
561 1332 347
1332 2272 908885
1805 2467 948228
1806 1130 940053
1130 206 176751
1808 2828 683629
1809 371 969377
371 651 51
651 335 102991
1810 2734 981750
1811 2389 920762
1812 39 990643
1813 293 156
293 777 60
777 1980 1000000
1816 2761 938018
1817 2202 174
1818 2662 762617
1820 860 942530
1822 2732 260
1823 2191 1000000
1826 2403 680505
1827 948 1000000
1830 602 780
1831 568 860310
568 1448 982600
1834 111 256879
1835 1996 327129
1836 1946 517505
1838 1237 895
1237 2216 95
1840 625 986867
625 178 459360
1841 1447 961575
1447 2350 951651
1845 1018 1000000
1018 223 109665
1853 2673 1
1854 1509 1000000
1857 382 309328
1859 71 1
71 2132 175
1862 205 1000000
1864 2362 778
1866 716 737
1868 249 789950
1869 2607 428
1871 756 1000000
756 1085 928975
1873 253 271488
1874 257 975255
257 2244 557851
1878 1574 935753
1879 1462 1000000
1462 389 990565
1880 258 1000000
1882 1051 349
1051 709 1000000
1883 1305 784
1305 222 361875
1884 786 1
786 1797 69163
1797 89 77897
1887 815 367703
815 2659 1000000
1892 425 919
425 703 911829
703 1167 975496
1167 2665 480273
1894 711 915757
1895 2565 397
1898 2331 287
1899 2362 947984
1903 2727 703838
1905 1775 952867
1906 2087 706490
1907 266 770698
1909 1897 202525
1897 640 791
1910 1290 943562
1290 1016 947935
1016 351 319
1911 2687 164800
1913 202 1
1915 447 998911
447 1539 1000000
1916 1987 707
1919 2024 984122
1921 658 844832
658 1828 1000000
1828 1867 416683
1867 2109 19297
1922 1669 1000000
1669 675 1
675 2479 321929
1923 152 911
1926 2847 379157
1929 1010 129
1010 1518 583112
1518 1201 192874
1932 1525 465
1525 2250 952283
1935 201 794803
1937 2416 463
1939 603 1000000
1942 1155 1000000
1155 415 938646
415 1847 520
1847 2780 1000000
1943 2564 884656
1945 607 947428
1946 1011 114
1011 92 506097
92 2490 769
1947 357 1000000
1949 1398 1000000
1950 1995 875
1951 1694 991243
1952 1567 685242
1567 1383 199673
1958 99 178291
99 2705 381909
1962 1000 21
1966 1458 922964
1458 2353 723
1967 76 292
76 1767 271182
1968 548 998318
1969 1302 939633
1302 1248 463
1971 270 977878
1972 2218 1000000
1974 502 954442
502 1961 892
1961 1516 969220
1516 2282 972273
1975 489 972929
489 537 153532
1976 2036 694726
1977 1930 761
1978 2780 387261
1980 1519 730196
1981 2208 1000000
1984 624 845
624 1889 208
1889 2075 451085
1985 462 673836
1986 41 868396
41 2834 1
1987 747 964545
747 1674 948978
1674 151 496626
1988 431 935520
1990 814 930
1993 1893 919664
1893 551 986182
551 1265 1000000
1265 2068 803803
1995 301 181106
301 1554 925
1554 271 1000000
271 1575 436069
1996 2730 1000000
1999 515 574766
515 63 900499
2001 2491 913159
2004 2186 1
2006 395 373282
2007 1617 71707
2009 1071 1
2011 144 781575
144 229 618561
229 1586 1000000
1586 1520 943278
2012 69 914391
69 1481 911249
2013 406 918665
2016 1959 728545
1959 1468 935048
1468 1431 840057
2021 200 535776
2023 12 934682
2025 2057 991811
2026 1359 978933
2028 1429 705796
2029 2305 936054
2030 1795 94
2032 1545 635204
1545 696 653
2034 222 38
222 1326 961767
2035 33 541930
33 2296 719228
2036 2676 1000000
2037 452 1000000
452 2230 334
2038 1992 929735
2039 1931 962013
1931 537 1
2040 1596 906223
2041 484 963243
484 2834 835294
2044 2854 40
2045 94 942519
2047 1204 953
2051 732 748089
732 1663 941
1663 2137 935565
2052 2090 949358
2053 2502 962000
2054 2706 660717
2060 1119 350249
1119 1723 254224
2061 1795 953753
1795 1775 706010
2062 2553 977204
2064 1941 43
2065 399 372
399 2676 893658
2067 1156 1
1156 1413 710819
1413 1983 1
1983 1242 530189
1242 210 944125
210 1675 1000000
1675 2685 571159
2068 1315 886374
2072 1601 1
1601 2486 519787
2073 1288 965994
1288 136 934577
136 633 1
2075 839 293
2080 1219 964930
2083 1115 163356
1115 1771 226370
1771 25 209
2084 1220 474192
2085 1056 906948
1056 1453 955251
1453 836 623
836 2507 642554
2086 1062 323
2089 31 902496
31 1411 490168
2091 230 398937
230 1888 1000000
2093 2204 596991
2096 249 945500
249 780 997814
780 1584 347
1584 692 703
692 1494 611732
1494 1997 992080
1997 2437 967334
2098 2461 944903
2099 469 213
469 1742 276671
1742 783 886
783 2816 506298
2100 1334 207280
1334 1740 995329
1740 2347 301342
2101 105 706688
105 1902 893059
2106 2218 975254
2107 738 343578
2108 2183 938318
2117 1891 1
2119 19 1
19 707 26
2120 48 83
2124 976 988234
2125 900 290
900 909 905285
2126 1476 1000000
2127 2810 912840
2128 1082 846815
2129 1746 982348
1746 809 986290
809 2022 962
2022 312 176504
312 2079 289265
2134 880 1000000
880 1261 902169
1261 1670 1
1670 2136 904110
2137 398 933072
398 53 556221
2139 296 792928
296 1499 967538
1499 1807 87546
1807 620 932619
620 2648 132781
2141 1960 384533
1960 1481 1000000
2142 1643 465
2145 2867 201833
2147 487 1000000
2148 2712 912578
2149 1896 923950
2150 790 1000000
790 2017 916807
2151 2641 902008
2153 1534 933163
2154 2741 697711
2155 1860 250
1860 1350 389
2156 419 44
419 2144 124651
2158 389 697201
389 2351 334
2159 821 67187
2160 674 293
674 1050 1
2161 1824 1000000
1824 1936 585473
1936 2422 655703
2163 1598 1
1598 1527 520
2164 2608 951711
2165 2213 900412
2166 1391 536319
2170 42 105901
42 182 938462
182 1222 719829
1222 2679 964325
2171 437 1000000
2174 2719 1
2177 275 211479
275 1957 984935
2178 1552 15304
1552 1607 1000000
1607 633 927435
633 1377 1
2179 467 67718
2181 822 446819
2182 212 585
212 1021 996408
1021 1863 764
1863 872 1000000
872 1383 909
1383 302 908216
2186 2524 909421
2188 1766 458925
2189 1888 942815
1888 83 881338
83 2694 343871
2190 1317 1000000
1317 2516 579
2191 2183 971669
2183 2284 1000000
2192 759 929424
2193 2720 979779
2194 2063 898020
2063 2227 78157
2195 131 980642
131 1015 1000000
2197 524 962042
524 1452 935996
2198 876 969889
2199 1088 858
1088 1083 651
2201 2152 295125
2152 1331 443453
1331 2666 924603
2202 1389 242813
1389 733 1
733 72 817362
72 2727 824683
2204 1200 917943
2205 80 962148
2206 1833 1000000
1833 2462 738
2207 567 360504
567 1139 906375
1139 276 858931
276 2505 378815
2208 407 1
2209 1782 731829
2211 1423 972722
1423 2217 1
2212 2231 1000000
2213 853 890769
853 2104 1000000
2104 2055 615455
2055 2554 953236
2216 1842 640
2217 2441 578961
2220 670 322547
670 1493 6
2221 373 942255
373 602 981729
602 1908 709027
1908 563 696760
563 963 591
2224 28 966163
28 1741 863724
1741 264 471
264 503 945350
503 1358 9
2227 2687 639278
2229 2734 959540
2230 2113 957304
2113 2339 116
2231 2442 1
2233 1925 284719
1925 623 1000000
2235 1444 783888
2237 1069 114
1069 613 949
2238 550 1000000
550 548 943
2240 1519 651450
2245 1084 1000000
1084 2871 363
2246 1481 886744
2248 2236 877
2236 530 682607
530 1611 10696
2249 610 977217
2250 1015 944202
2251 2661 562172
2252 1769 655
2253 1751 455
2256 709 937133
2257 219 720334
219 646 1000000
646 833 724742
2258 2200 922901
2200 800 196448
800 2803 853803
2259 186 1000000
186 2162 408516
2162 1445 936
2260 814 542
2261 1649 962995
1649 232 114136
232 1187 99
1187 2362 160
2265 2393 926635
2266 2618 902378
2267 1720 105
2268 173 220991
173 2014 1
2269 1814 922850
1814 849 993
2271 1223 1
2273 860 680
860 2283 449547
2274 113 905384
113 1312 999916
1312 1544 945798
1544 2295 926433
2275 2507 752
2276 430 979588
2278 548 878346
2279 2357 906978
2280 2031 7624
2031 2422 1
2282 2632 985266
2283 203 960353
203 983 923161
2284 494 418
494 2157 904435
2285 205 929485
205 2499 894225
2287 1346 913210
2288 2457 851888
2289 1555 424040
2290 850 933845
850 1776 991695
2292 607 1
607 1157 725085
1157 1829 500
2293 2833 63
2294 2087 674402
2295 1634 451358
2297 706 1000000
706 743 982200
2298 1934 915256
2299 306 994317
2300 387 283
2302 96 56277
96 2455 942586
2304 2662 877098
2307 2419 135
2308 60 845292
60 2187 86453
2313 2759 416
2316 2825 19589
2317 1207 25
1207 1766 624868
2319 1760 46829
1760 2116 123897
2116 521 415491
521 1930 649
1930 2654 905194
2320 2576 1
2321 2334 559787
2322 297 979
297 829 920933
2323 2376 905356
2325 323 1000000
2327 1418 680
1418 2807 943396
2331 2312 743012
2312 1973 905612
2333 2768 1000000
2334 2501 946657
2335 346 462
346 2846 387
2336 51 461361
51 801 1000000
801 1067 181449
1067 261 963980
261 1200 929640
1200 999 913568
2339 268 989509
268 2868 859322
2340 2522 1000000
2341 446 949681
446 1758 1000000
1758 1957 978857
1957 1497 489630
1497 725 963584
725 1049 1000000
1049 1259 1
2342 2474 928322
2344 1135 546164
1135 1964 1000000
1964 443 977340
2345 3 909322
3 798 195369
798 588 428171
2346 752 539038
752 467 230352
2348 87 195
87 2564 927665
2349 662 749840
662 2809 209308
2350 598 636379
598 2385 342
2351 2553 998586
2352 1278 332344
1278 266 152167
2355 1181 561472
2356 1401 830
2358 1219 944903
1219 2263 1000000
2359 2169 972626
2360 465 808749
465 1973 952079
1973 1750 642544
1750 594 815042
2361 849 946337
2363 432 1000000
432 2296 947997
2364 2095 74
2367 2462 551
2368 2609 982805
2369 107 953597
107 1511 648002
1511 1408 325657
1408 2094 806187
2370 833 923019
2371 2577 396
2374 1232 752510
2376 2804 482
2377 2057 643815
2057 1476 996225
1476 1203 463
2378 2673 311937
2383 21 561198
21 1759 911918
2384 1644 392717
1644 1636 917
2387 387 906502
2392 1417 943
2396 1679 978530
1679 2027 801489
2027 1535 100823
2397 2853 794692
2398 1769 450
1769 2272 604406
2272 679 1000000
2399 13 1
13 697 884826
2401 1039 633998
1039 953 967854
953 1170 559449
1170 1877 940192
1877 181 1000000
181 396 174
2402 1744 411314
2403 901 1000000
901 1666 942965
2405 1344 1
1344 745 948810
2406 768 939618
768 1592 949401
2411 1612 934990
1612 2234 563883
2234 1060 960645
1060 12 690
2412 716 231543
2414 2699 1000000
2416 479 1000000
479 2485 875970
2417 1316 924377
2420 1709 935752
1709 2670 300709
2422 822 933566
2423 2501 714
2425 2766 1
2428 610 972184
610 431 985846
431 2623 70555
2429 1928 510
1928 152 940783
152 437 419240
437 763 133439
2431 228 1000000
228 1037 900363
2432 2184 1
2184 485 332
485 266 326
266 318 1000000
2433 1621 90336
2435 2843 692860
2438 2767 952276
2439 1465 665
2441 1914 905114
1914 2082 989492
2442 2623 727
2443 408 963248
408 2010 193
2010 1900 931626
1900 807 536
807 2301 1000000
2301 1310 440557
2444 1315 215
1315 11 449299
11 2732 975709
2446 2669 936285
2447 1564 1
1564 178 349104
2448 1738 3151
1738 2632 310787
2450 983 745733
2455 2110 1
2110 223 335917
2457 590 592
590 1522 979359
2458 2548 977384
2460 1024 1000000
2461 1032 1
1032 1401 157664
1401 2105 428318
2462 2223 332195
2463 2050 528
2050 2434 933324
2434 1522 940733
2467 2365 99
2365 2033 622
2033 413 736679
413 492 296009
492 1176 959278
1176 2254 424
2254 946 143659
946 2625 668913
2468 2473 939621
2469 1933 1000000
1933 2445 912554
2445 1530 102
1530 707 931861
707 1159 1
1159 1103 559
1103 2413 1000000
2470 1783 1000000
1783 2572 808187
2471 2243 550604
2243 1299 387716
1299 2123 331
2123 699 629
699 1478 999906
1478 372 21001
372 1762 983054
2472 729 924201
729 1748 916985
1748 2421 812
2421 1048 972698
1048 2002 955235
2002 583 927631
2474 384 602
384 1793 1000000
1793 849 461792
2475 1192 390440
1192 248 610
2477 845 974257
845 2449 1000000
2449 1768 364
2478 1901 986918
1901 292 619
292 338 559895
2479 741 934645
2480 2589 990500
2481 2453 396
2453 396 1
2482 576 658905
576 1691 939198
1691 1503 950337
1503 1819 877
2484 235 199631
2485 1313 680469
2486 2180 128
2180 1201 941985
1201 1162 708573
1162 422 447605
2487 2017 289464
2017 565 873
2489 2157 972483
2491 1991 408115
1991 1605 896313
1605 1194 528
1194 6 698027
6 2226 306
2226 2103 1
2103 2410 911541
2492 1343 95
1343 2764 784
2494 1574 500
2495 357 926663
2496 913 296438
913 2845 953893
2499 1015 922097
2500 1762 996406
1762 580 380
2501 1477 1000000
1477 2689 703631
2507 235 341936
235 302 421204
302 918 679869
918 1844 742
2509 18 782589
18 1542 1
2514 63 906259
63 318 781750
318 288 982501
288 387 992
387 1122 727
1122 343 665
343 579 371251
579 322 304225
2516 1128 905560
2517 1436 854701
2518 1429 481
2520 427 818172
427 693 882398
693 1858 2765
1858 1846 926213
2523 1870 491493
1870 178 622
178 2493 273035
2524 2070 1
2525 1768 908684
2526 704 370472
704 652 558
2527 48 1000000
2528 963 977078
2529 1350 677740
2530 1393 429
2531 2671 851
2534 391 1
391 1099 135427
1099 75 1000000
75 2024 1
2535 1963 433871
2536 2705 449930
2538 1273 833714
2539 1308 1
2540 954 712978
954 338 901678
2542 813 1000000
2544 49 1000000
2546 1044 409
2547 1057 705
1057 2483 745
2483 1436 1000000
1436 2549 1
2548 696 936775
2549 1483 726252
1483 100 1000000
100 2674 324164
2550 2618 958430
2551 2772 190576
2552 2454 961444
2454 224 1000000
224 291 1000000
291 963 125788
2553 2105 304173
2554 611 484
611 56 1000000
56 1917 951514
1917 965 605133
2555 2247 437359
2247 1575 927069
1575 1766 924991
1766 208 9893
208 339 929388
339 758 948160
758 1410 14512
1410 1876 191514
1876 2225 970523
2556 2424 992287
2424 2214 940172
2214 1683 1000000
1683 2590 949758
2557 139 995411
139 525 142
525 215 451
2558 1001 759
1001 1102 923025
1102 1998 940691
2559 2757 593
2560 589 1000000
589 2326 964861
2561 354 761278
2562 720 979255
2563 2232 961346
2565 2750 982562
2566 1234 908494
1234 829 558
829 2780 846769
2567 2059 1000000
2059 2612 584349
2570 2394 993899
2394 1045 920688
2574 764 910058
2576 458 780
2578 1062 218194
1062 628 926542
2579 1325 1000000
1325 383 637
383 111 721
111 2003 722455
2581 1934 272735
1934 2372 549319
2372 1640 861
1640 2582 335126
2582 2686 640979
2583 2343 94736
2343 458 1000000
458 802 937013
2584 1502 354
2586 1184 904329
1184 1851 973503
1851 1263 934468
1263 2118 526
2587 2564 5635
2588 789 563187
2589 2024 1
2024 543 436386
543 226 981843
2591 2133 382472
2133 623 1
623 2783 1
2592 2000 572
2000 764 443546
764 2090 857913
2090 2511 1000000
2593 1819 822720
1819 1703 900941
2597 2176 189
2176 1723 87026
1723 223 7
2601 1180 967356
2603 2353 972093
2606 1555 342392
2607 1534 1000000
1534 1301 1000000
1301 2228 494348
2228 27 975516
27 2502 488501
2502 463 744345
2608 2690 978978
2609 1592 1
2610 2175 944164
2175 2436 906343
2436 57 446
57 169 986376
169 311 775
311 2135 975
2611 1628 1
1628 2866 922849
2614 2675 469
2615 345 923390
345 2850 267650
2616 2513 1
2513 80 781
80 1775 274277
1775 1128 515741
1128 2749 850
2618 284 860
2619 833 912124
833 614 772861
614 353 512
353 905 961264
2622 1651 981599
2623 2459 764117
2624 1270 1000000
1270 2754 533
2625 2111 1
2111 1865 900091
2626 2476 976895
2476 1651 897
1651 1495 912926
1495 2005 198
2005 720 1000000
720 1430 289
1430 844 1
2627 2719 744666
2628 2837 826
2629 1698 554
1698 2511 910658
2630 1425 927466
1425 814 801870
2631 1837 979901
2632 2465 990307
2465 1580 178244
2634 965 223887
2636 213 1000000
213 253 858
253 876 888883
876 1852 1000000
1852 1902 1000000
2638 251 799333
2639 1038 521250
1038 462 957638
462 1611 900978
1611 1076 260423
2640 1398 959628
1398 1743 522
1743 461 280
461 2715 919172
2641 834 1000000
834 724 888047
2642 188 754064
188 467 275150
2643 2087 1000000
2087 1472 1000000
1472 1633 882231
2644 1523 947559
1523 537 220
537 1549 1
1549 1891 909461
1891 2264 775
2645 1982 319392
1982 478 1
2646 1487 982749
1487 2858 911125
2647 1131 801127
2648 1131 1000000
1131 789 1
2649 2046 246154
2046 395 925580
2652 2650 1000000
2650 2223 275054
2223 306 787394
2654 1798 505204
1798 2418 1000000
2418 2379 442
2379 2169 942525
2169 2661 591053
2657 1954 948995
2659 2430 968896
2430 1633 684008
1633 710 1000000
710 2490 1000000
2490 314 914757
314 325 1000000
325 388 985943
2660 259 895362
259 2820 959673
2662 2750 183824
2663 1000 918477
2664 2079 823822
2079 2168 462
2168 378 1000000
378 600 86
600 2225 1
2225 2459 295
2459 2770 326780
2665 2661 438
2666 2656 960317
2656 548 916730
548 2670 858878
2667 905 453344
905 2311 1000000
2668 1308 336
2669 1588 912539
1588 32 1
2670 2655 996057
2655 1044 236
2671 2452 995032
2452 1744 474
1744 2594 643805
2672 1559 1
1559 434 520044
434 2571 1
2673 483 1000000
483 2612 724239
2612 319 1000000
319 2732 430251
2677 594 90
594 416 855503
2679 2572 945713
2681 2675 626190
2683 1391 102297
1391 168 401
168 2691 212
2684 1941 418
1941 2081 359611
2081 1172 748
1172 558 840
558 1799 651369
1799 1825 139
1825 2076 242714
2685 2568 1000000
2568 1970 843
2686 1448 209591
2688 1776 985821
1776 2545 940190
2545 117 630
2689 1849 921990
1849 2109 288
2109 94 993086
94 2711 679847
2690 1558 567921
1558 1248 840766
1248 1703 1000000
1703 1045 936504
2691 404 1
404 2680 1000000
2680 581 104829
581 1944 121
1944 1519 453436
2692 751 947190
751 423 438
2693 374 1000000
2694 2761 905952
2696 1377 971128
2697 2219 774
2219 513 919713
513 1735 168
1735 1595 713
1595 1861 991882
2699 802 437442
802 919 978588
919 298 20
298 2146 964785
2146 1938 924187
1938 248 790
248 487 1000000
487 444 347417
444 765 433354
2700 514 879
514 1631 966238
1631 1563 1000000
1563 22 965052
22 539 924580
2701 2167 915148
2167 1116 960606
1116 1050 768
1050 2596 237096
2703 1121 410
2707 679 944645
679 2357 1000000
2357 1666 146850
1666 508 796802
2708 1505 1
2709 2704 687
2704 2859 970787
2711 356 932558
356 895 912477
895 2728 932192
2712 2564 928278
2715 1751 988207
1751 1294 966636
1294 463 688
463 251 992096
2716 1509 955649
1509 1322 939872
1322 511 874432
2717 1789 960203
2718 1848 984076
1848 2187 585
2719 2564 932785
2564 1308 989915
1308 573 1
573 1502 939148
2720 899 341982
899 1694 908498
1694 835 138883
835 571 934
571 504 32706
2721 1804 259845
1804 2375 956864
2375 1948 1000000
1948 909 912924
909 2635 804
2722 2314 907558
2723 565 944559
565 423 1000000
2725 769 995
2726 1431 939228
1431 2675 1
2675 988 955827
2727 1281 392
1281 86 1
86 2488 910270
2488 2056 954438
2056 1230 997
2728 968 924864
968 2508 653388
2508 262 841154
262 2503 946735
2729 2596 947354
2596 936 993490
2730 1513 1000000
1513 1045 260815
2731 25 819
25 572 434243
572 808 922881
808 1672 907347
1672 396 932992
396 2769 1
2732 323 1
323 1238 917640
1238 596 948927
596 2620 977179
2620 2617 773598
2617 1093 411072
1093 696 873
696 2464 915311
2464 49 631
2733 2132 977184
2132 2329 1000000
2734 2097 990518
2736 2598 930817
2598 336 1000000
2737 2203 1000000
2738 2713 918544
2713 559 759781
559 1396 12477
1396 2286 142509
2286 1085 907859
1085 1551 567
1551 1800 103351
1800 2577 151016
2739 650 73
650 140 865
2740 2698 959
2698 2493 91
2493 1505 760505
1505 2747 931497
2741 1902 1
1902 2366 986746
2742 132 782
132 1393 920893
1393 1875 988808
1875 854 946355
854 688 818536
688 2533 910700
2743 1203 607176
2744 2112 71239
2112 443 970820
443 35 945505
35 2594 730
2594 2074 996509
2074 190 848
2745 2637 440394
2746 1561 229180
1561 2215 518620
2749 2196 963456
2196 149 328443
149 2585 1
2585 354 457278
354 2407 340515
2407 2769 168956
2750 2222 364
2222 456 725630
456 2851 760501
2751 1896 495552
1896 1912 227569
1912 2678 576
2752 826 308556
826 1540 340541
1540 2590 21860
2753 282 1000000
282 2862 988389
2754 1076 222838
1076 2773 974344
2755 2706 376635
2706 1098 367975
1098 2003 103124
2003 39 939972
2756 1443 1000000
1443 2658 954443
2658 1739 923885
2757 839 977135
839 2437 922732
2437 1203 911745
2758 1406 910293
2762 246 23737
246 893 910716
893 1168 298
1168 664 159478
664 1684 1
1684 200 902872
200 2118 238
2118 1953 466566
1953 2306 980957
2306 1374 1
1374 194 905110
194 1532 885617
1532 583 203278
583 2354 990597
2354 1230 811
1230 759 947868
2763 920 818
920 2094 249887
2094 1956 490288
1956 890 644760
890 189 852778
2764 488 71664
2767 1324 845389
1324 1000 452
2769 640 710978
640 2572 763
2572 2121 643996
2121 2724 389287
2724 2796 933883
2770 2705 375724
2705 2419 1000000
2419 388 750313
388 2807 659127
2772 866 1000000
866 1507 988942
1507 128 373979
128 2255 91
2255 2270 923123
2270 1232 148
2773 712 917134
712 1718 904284
1718 698 389544
698 1034 262005
1034 907 165244
907 2766 1
2766 2828 384190
2774 2019 919847
2775 374 407235
374 206 1000000
206 730 1000000
730 451 945261
2776 2395 975218
2395 1247 261
1247 370 278898
2778 74 972103
74 223 590
223 2232 423917
2232 1695 961890
2779 936 1000000
2780 471 122473
2781 2747 1000000
2747 382 980650
382 2277 882435
2782 1678 586559
1678 2771 159
2771 1622 927629
1622 603 1
2783 976 931679
2784 648 902401
648 988 568
988 486 672
2786 1821 329175
2788 2242 926273
2789 2088 947
2088 2759 742684
2759 709 44
709 2071 943264
2071 2239 974733
2239 1596 1
1596 1918 845978
1918 2218 523084
2218 32 542078
32 2633 920721
2633 306 993776
306 823 952273
823 1481 247253
1481 2580 680
2580 2426 395825
2426 2347 1000000
2347 2466 931295
2790 2244 341
2244 1643 910903
1643 26 906637
26 1445 347
1445 368 1
2791 1924 785545
1924 763 488
763 1837 1000000
1837 1381 985024
1381 2410 422214
2410 987 859886
987 1624 990
1624 789 12
789 1121 1000000
1121 416 1
416 2532 969354
2792 1885 448982
1885 2143 316848
2143 958 927215
958 1954 979699
1954 1275 924583
2794 1676 452
2795 2382 982247
2797 2303 965608
2303 685 962050
685 1659 666
1659 1557 854002
1557 2687 612
2798 2415 961381
2415 255 226455
2799 2613 168208
2800 2498 948219
2498 151 905514
151 519 950886
519 659 1
659 422 405720
422 849 642510
849 2380 976769
2801 1179 43078
2802 420 972038
2803 539 1
539 965 743
965 433 745
433 95 695
95 380 915283
380 2380 105
2380 215 984869
215 122 909530
122 2511 587838
2511 2613 962412
2613 1970 1
1970 2337 106616
2337 655 201872
2804 2466 641
2466 1650 28
1650 2839 952617
2805 691 930878
691 1920 174
2807 247 945146
247 1634 594044
1634 2687 975811
2687 1359 985715
2808 1452 318922
1452 2326 658411
2326 2015 307
2015 734 1000
734 2682 229243
2682 1539 325
1539 1083 953968
2810 106 575561
106 2860 968737
2814 2048 909417
2048 2296 963299
2296 2473 931408
2473 1359 699
1359 2366 92995
2366 914 903212
914 2777 1000000
2777 2130 943675
2130 718 1000000
718 1724 1
1724 2008 663535
2008 1767 399
1767 1310 962520
1310 127 699924
127 861 60
861 1547 241685
2816 998 1000000
998 765 912829
765 338 964535
338 2388 462847
2388 1228 341
1228 719 1000000
2817 2386 236090
2818 1821 902756
1821 2577 413490
2577 2393 50
2393 2852 991436
2821 749 932541
749 2599 206
2599 2095 1000000
2095 882 971431
882 1190 689884
1190 2456 723545
2822 2042 1000000
2042 73 505
73 1214 1
1214 2661 1000000
2661 999 973962
999 1526 905915
1526 1419 961063
1419 1555 1
2823 628 161
628 847 141280
847 361 839139
361 1592 497027
1592 1542 860
1542 2621 245196
2621 1608 790462
2826 1739 1000000
1739 864 974157
864 423 629638
423 2314 976446
2827 400 289949
400 1100 937
1100 976 539228
976 2043 564381
2043 190 913693
190 814 358417
814 716 880
716 2830 1000000
2828 335 878266
335 2187 1
2187 1535 998857
1535 1636 1000000
1636 2824 953250
2824 1346 1000000
2829 962 1000000
962 251 986237
251 1861 910706
1861 1000 897253
1000 697 969902
697 657 688
657 1313 786156
1313 1782 318991
1782 775 1000000
775 627 166351
627 233 649
233 508 260
508 420 1000000
420 1154 997881
1154 2537 834160
2537 2018 912230
2018 10 610
10 1411 914674
1411 724 945962
724 115 316087
115 1213 1
1213 1850 368571
1850 1676 940368
2830 1527 951071
1527 1025 976032
1025 2506 870673
2506 1493 1
2831 1676 902166
1676 2503 969875
2503 2710 986607
2710 1083 1000000
1083 488 562301
488 963 960184
963 202 1000000
202 1037 971143
1037 1358 1000000
1358 395 554404
395 117 999207
117 2390 906613
2390 2809 636422
2809 1350 326633
1350 637 926894
637 2842 854
2832 321 569
321 2049 191892
2049 1188 278566
1188 927 769320
927 2768 941
2768 2173 1000000
2173 1460 908951
1460 1537 958144
1537 1904 959182
2833 2305 967410
2305 769 1000000
2834 848 1
848 1438 1000000
1438 944 944492
2836 1583 594259
1583 1522 606424
1522 2070 1
2070 533 993376
533 1963 367
1963 2115 1
2115 2635 26
2635 2575 198347
2575 1886 959914
1886 1402 957653
1402 1444 1000000
1444 2413 851096
2413 2264 1000000
2837 1904 1
1904 652 982268
652 1354 1000000
1354 1355 679445
1355 2373 980328
2373 619 1000000
619 2605 1
2838 2815 381
2815 347 375
347 1855 490
1855 2812 1
2812 557 596390
2839 1316 721
1316 554 1000000
554 557 823391
557 1979 943
1979 523 449
2840 2844 1000000
2841 778 469649
778 1829 1
1829 2105 1
2842 555 827502
555 1275 640
1275 738 950784
738 1319 1000000
2843 2400 912125
2844 873 962717
2845 1555 954432
1555 2058 938355
2058 580 785463
580 2735 927885
2735 2793 987411
2793 2835 194222
2835 1617 1000000
1617 1695 213
1695 2262 412073
2262 2332 398628
2332 821 404677
821 393 980111
393 2602 1000000
2602 1881 1
2846 451 953156
451 1066 1000000
1066 1198 1000000
1198 511 471946
511 2144 647172
2144 2122 959554
2122 2600 352
2600 701 60744
701 351 808603
351 1433 248410
1433 711 762920
711 1994 592397
1994 2748 1
2748 2172 814
2172 1092 922962
1092 2185 1000000
2185 2381 923013
2381 1259 963996
1259 1560 576
1560 1550 968621
1550 467 979961
467 934 793950
2847 2014 903331
2014 217 818
217 2651 761483
2651 286 996506
286 138 785121
2848 2076 353
2076 694 953138
694 759 543
759 1180 913123
1180 357 991452
357 2092 1000000
2092 523 623767
523 1441 215292
1441 577 531
577 284 912194
284 170 739082
170 844 324
844 2210 292
2210 1756 980
1756 2653 21737
2653 1266 1000000
1266 2676 693
2676 112 916615
112 2114 54762
2114 2328 789148
2328 59 928877
2849 1429 584
1429 2451 452183
2451 2069 1
2069 1216 108553
1216 1989 204
1989 482 984273
482 2020 945157
2020 2242 930035
2242 1839 973472
1839 1370 1000000
1370 2521 933012
2521 201 785
201 1486 143
1486 1843 517
1843 2440 584013
2440 1591 474270
1591 121 928325
121 1045 993835
1045 322 233847
322 741 988
741 2353 72630
2353 743 972780
743 881 403591
881 2637 1000000
2637 822 895998
2850 2515 592016
2515 2389 230494
2389 1043 955504
1043 862 688725
862 2532 992527
2851 363 935490
363 1346 1000000
1346 726 936421
726 1327 941061
1327 2309 10799
2309 2138 913680
2138 474 757
474 1881 910136
2852 822 924416
822 1998 732
1998 938 1000000
938 1323 937897
2853 1693 948161
1693 796 99
796 140 1000000
140 406 580
406 1582 307483
1582 1031 92
1031 2761 312048
2854 2310 1
2310 1287 955387
1287 865 416
865 2314 919220
2314 2203 593324
2203 683 762
683 1204 286
1204 1547 640040
1547 45 990303
45 2382 143655
2382 1713 852751
1713 2277 323131
2277 613 867405
613 159 56219
159 1706 982196
1706 1832 606955
1832 2605 210220
2605 784 638
784 1571 917328
1571 1450 1000000
1450 2241 456
2241 1080 947801
1080 1027 833859
2855 1574 768797
1574 2362 890587
2362 332 901261
2857 1736 1000000
1736 588 996172
588 2338 795
2338 53 996263
53 1440 903765
1440 2595 234
2595 1844 993107
1844 2097 329
2858 2019 146
2019 2811 979398
2811 2678 1
2678 310 969156
310 2702 245577
2702 1597 983535
1597 1493 923784
1493 2456 124442
2456 240 348248
240 1621 992028
1621 454 304895
454 2519 901246
2519 77 332347
77 1179 1000000
2859 719 1
719 1789 550804
1789 478 1000000
478 948 325
948 2787 705
2787 2136 934036
2136 1273 895
1273 2796 931974
2796 1377 889964
1377 797 22
797 270 978275
270 1179 962233
1179 1940 1000000
1940 226 592
226 1502 964751
1502 1556 1000000
1556 1319 131
2860 593 943
593 2105 953666
2105 2391 849606
2391 305 687
305 428 260
428 1491 294695
1491 2765 996498
2765 2760 729
2760 2078 106731
2078 1815 557466
1815 1314 573
1314 2825 254
2825 1520 962396
1520 2674 448
2674 48 46
48 89 943477
89 1220 118277
1220 2409 379
2409 2264 786471
2264 424 933116
424 430 710
2861 1514 449658
1514 2330 424
2330 902 193
902 2590 974151
2590 332 587895
332 1109 1
1109 1872 625555
1872 2695 984307
2695 1203 927860
1203 1763 776188
1763 252 902510
252 1306 910550
1306 2533 522365
2533 986 589
986 1406 912699
1406 1044 1000000
1044 1171 576
2862 2573 914862
2573 1232 1000000
1232 1955 15378
1955 1015 902038
1015 59 939725
59 486 967632
486 944 369078
944 2870 542186
2863 390 1000000
390 12 599
12 49 145
49 745 39298
745 2315 954918
2315 608 284518
608 873 981188
873 1090 998095
1090 2263 944924
2263 2510 663543
2510 1404 948463
1404 1071 982848
1071 2505 949159
2505 2820 1000000
2820 1716 673900
1716 280 721114
280 2571 336007
2571 1600 1000000
1600 460 731897
460 407 619
407 1326 238
1326 1386 1000000
1386 2140 424
2140 1223 936860
1223 1846 966253
1846 331 56215
331 158 970692
2865 1842 926227
1842 436 724137
436 2404 1000000
2404 2864 947056
2864 258 936377
258 1927 990482
2866 655 444579
655 1856 1000000
1856 2813 913562
2813 1362 346480
1362 2541 946103
2541 15 377134
15 779 246131
779 2291 902
2291 299 914479
299 421 933405
421 2082 75
2082 1140 1000000
1140 2102 955350
2102 2215 1000000
2215 1145 241887
1145 304 992632
304 1029 770
1029 1319 955156
1319 936 287
936 2569 1000000
2569 336 926595
336 1289 904853
1289 2077 403198
2867 2427 932533
2427 37 941732
37 2504 353523
2504 1519 1000000
1519 255 768120
255 522 966525
522 2131 911835
2131 2856 999
2856 2329 981610
2329 30 388720
30 736 1000000
736 2714 950717
2714 2318 384313
2318 2066 950530
2066 643 288
643 2497 929036
2497 1027 1000000
1027 1150 976676
1150 1576 1
1576 2532 984936
2532 985 940
985 5 1000000
5 2604 958823
2604 2522 770
2522 760 600
760 2819 1000000
2819 2400 608
2400 418 498421
418 1417 15
1417 2097 621968
2097 510 171395
510 138 1000000
138 1642 982
1642 1692 920258
1692 1865 998795
1865 1082 408523
1082 2543 336
2543 430 958296
430 1890 157600
1890 1024 961205
2868 368 1
368 2311 1
2311 1210 1000000
1210 2386 1000000
2386 2385 621163
2385 983 950883
983 1024 985
1024 1768 971747
1768 370 605492
370 2324 943142
2869 1927 831892
1927 2135 175
2135 2785 90
2785 934 1
934 2512 905430
2512 269 882341
269 471 941736
471 1992 987506
1992 2324 977471
2324 158 41702
158 813 90372
813 634 10367
634 1134 1
1134 1195 398
1195 1594 941719
1594 1397 940318
1397 187 973
187 1448 984829
1448 1719 948078
1719 1161 271
2870 1323 1
1323 1920 826530
1920 2281 345
2281 1328 366876
1328 1392 1000000
1392 504 919933
504 2761 317796
2761 695 675414
695 189 41727
189 1181 190714
1181 1580 921777
1580 108 472
108 148 347
148 1465 656729
1465 1759 766791
1759 1615 957264
1615 1101 853
1101 1608 400070
1608 1171 64695
1171 1720 946250
1720 603 1000000
603 2157 730026
2157 157 180
157 2806 926471
2806 2408 926399
2408 1801 662
1801 1965 234484
1965 1881 915
1881 39 626125
39 1161 959152
1161 2077 995682
2077 156 1
156 769 992332
769 2871 913731
