49
2 23 532
3 10 310758
6 43 39349
8 10 960828
10 13 419691
14 4 918630
16 33 846
18 33 196413
19 12 1
12 31 1000000
25 4 572
28 45 942242
29 11 719061
11 47 1000000
30 27 650
27 7 990456
31 33 903345
33 26 114841
26 21 936557
21 42 1
34 40 1000000
35 39 1000000
38 48 68
39 17 76213
41 15 214
15 44 762969
45 37 298
37 36 1000000
36 40 724171
46 42 12
47 42 909733
42 24 499
24 9 931196
9 1 710
1 5 333586
48 22 540
22 13 953675
13 40 956696
40 32 1000000
32 4 324322
4 7 923680
7 20 1000000
20 43 1
43 5 945881
5 17 936874
17 44 133703
44 23 271
23 49 1
