1
45
3 5 487798046
7 10 687695688
3 10 11653099
4 8 928959661
5 6 395207771
9 10 412341353
1 8 94962880
2 4 805177594
1 9 16397425
1 5 774476401
1 10 758194282
6 9 501815654
6 7 350629479
7 9 607350090
4 7 293608534
2 5 658213894
6 8 349979431
3 8 638146374
2 9 119371184
5 9 174961040
2 3 972134343
4 5 5980410
4 10 41946354
7 8 271809293
1 4 228507455
5 8 23539145
1 7 201192713
1 3 359973447
8 10 458068329
5 10 50265700
2 7 291948485
4 6 368363824
3 6 179758706
5 7 87861289
2 8 24581059
3 4 899206465
1 2 794578238
3 9 511522512
4 9 137499022
1 6 988173967
8 9 739527357
2 6 127349279
6 10 471502141
3 7 274223941
2 10 873772034
