488 485
366 382
334 160
252 382
358 337
159 337
262 382
263 160
292 382
149 363
129 160
390 362
203 37
477 386
145 308
28 308
318 160
276 308
449 37
28 363
386 362
344 160
86 362
121 382
204 363
184 337
229 401
169 363
294 160
41 363
104 160
49 377
48 337
89 337
276 382
93 160
414 37
165 386
247 337
166 401
478 363
473 401
107 377
70 160
230 377
185 377
370 386
499 160
75 401
345 337
355 386
148 401
43 386
411 377
181 382
484 337
426 337
86 160
73 386
17 337
278 337
52 382
155 401
16 363
477 308
398 377
333 308
53 225
41 377
3 401
482 308
231 386
72 382
327 362
365 362
162 337
325 386
405 308
4 363
453 386
255 362
457 362
328 377
336 401
148 225
85 401
346 386
174 37
148 363
459 362
419 401
35 401
234 37
257 337
225 160
187 382
484 37
149 37
330 308
215 363
158 382
401 337
302 386
113 363
126 160
249 362
178 401
155 377
88 37
25 160
67 386
77 160
175 225
234 386
473 386
66 37
380 363
228 362
412 160
422 386
42 337
162 386
452 382
106 362
286 382
395 37
393 362
4 308
411 160
198 337
79 363
414 377
178 362
488 308
391 362
496 308
221 337
7 337
11 362
284 386
355 225
305 308
495 308
433 362
247 382
65 382
188 401
278 363
324 382
482 363
159 362
201 401
456 386
428 362
384 363
80 225
155 363
30 225
319 401
138 308
44 308
389 308
474 337
342 363
498 363
98 401
73 382
464 362
287 363
67 382
312 337
261 225
230 363
305 401
239 337
364 37
320 308
333 377
441 225
48 308
282 308
384 308
406 386
260 362
288 308
8 225
93 337
1 363
276 160
223 225
167 386
452 362
467 363
26 37
3 363
321 401
498 337
230 160
214 382
491 377
131 386
290 160
341 225
476 382
396 337
315 401
9 160
194 160
173 386
341 386
391 401
435 362
146 337
5 337
32 401
409 363
240 337
390 225
58 160
488 337
49 225
87 377
420 160
206 308
126 337
500 401
253 337
440 401
284 363
223 308
82 337
94 362
357 37
335 362
327 386
253 37
309 160
78 386
221 377
317 362
112 362
56 363
116 363
476 308
356 363
232 382
448 225
78 225
259 308
121 225
101 386
232 362
238 362
82 308
162 363
109 363
255 337
368 225
323 160
388 37
157 160
327 37
209 401
229 363
298 225
73 401
397 363
318 363
411 401
491 37
23 386
18 382
374 382
198 382
105 401
494 308
26 225
434 225
256 362
427 225
19 362
1 377
250 362
431 337
86 37
400 308
459 382
397 37
362 377
52 401
71 401
205 377
426 308
190 401
8 401
290 337
134 363
262 377
117 37
283 160
358 382
150 37
310 363
305 363
181 401
244 382
463 362
196 308
386 401
58 363
11 382
317 37
150 377
178 377
84 308
424 225
20 386
374 337
463 377
60 382
433 377
76 160
47 362
267 377
175 401
226 363
345 382
51 160
79 160
113 160
325 37
169 377
432 225
352 337
30 377
158 308
288 401
292 225
263 37
412 377
327 363
319 160
99 308
122 362
496 37
304 37
253 225
362 160
77 225
313 225
243 386
265 225
130 401
388 377
429 401
417 362
437 225
323 37
240 363
115 337
473 308
301 337
316 401
470 37
201 37
15 337
432 401
90 382
259 377
147 363
276 401
30 401
104 386
466 37
219 401
132 337
66 308
460 225
364 337
74 225
143 363
407 160
414 382
470 363
76 377
341 362
445 401
469 362
424 37
443 225
39 37
296 362
252 386
251 362
272 377
489 382
280 401
79 337
169 386
408 382
28 382
469 377
72 386
495 382
199 382
302 363
311 37
358 363
238 225
6 363
93 37
439 363
283 225
151 308
171 337
12 337
464 337
4 382
377 308
123 225
15 386
499 382
419 337
54 337
401 37
152 377
105 308
150 362
180 401
211 377
149 401
75 377
411 362
35 37
343 363
86 401
223 377
331 225
273 160
157 363
343 401
276 337
398 362
115 37
262 225
229 37
439 401
378 382
322 362
455 308
491 363
374 401
5 308
376 362
393 308
314 337
102 382
328 362
156 362
386 377
300 225
429 386
365 308
348 225
449 377
7 382
286 160
310 362
43 225
46 337
105 363
495 362
169 37
38 337
467 160
380 160
201 160
453 37
266 377
340 377
496 160
475 382
225 363
33 37
442 160
254 362
378 225
311 308
213 308
243 243 1
122 122 1
151 151 1
371 371 1
196 196 1
336 336 1
56 56 1
326 326 1
410 410 1
470 470 1
301 301 1
434 434 1
228 228 1
78 78 1
201 201 1
204 204 1
261 261 1
100 100 1
57 57 1
136 136 1
191 191 1
294 294 1
443 443 1
383 383 1
149 149 1
37 37 1
281 281 1
390 390 1
313 313 1
438 438 1
474 474 1
363 363 1
248 248 1
331 331 1
386 386 1
181 181 1
82 82 1
222 222 1
157 157 1
237 237 1
42 42 1
484 484 1
76 76 1
415 415 1
265 265 1
62 62 1
300 300 1
202 202 1
6 6 1
251 251 1
267 267 1
463 463 1
113 113 1
192 192 1
177 177 1
464 464 1
33 33 1
389 389 1
239 239 1
61 61 1
417 417 1
456 456 1
403 403 1
489 489 1
108 108 1
217 217 1
111 111 1
279 279 1
231 231 1
317 317 1
342 342 1
51 51 1
54 54 1
2 2 1
102 102 1
64 64 1
496 496 1
11 11 1
292 292 1
376 376 1
131 131 1
345 345 1
25 25 1
86 86 1
262 262 1
344 344 1
200 200 1
174 174 1
99 99 1
38 38 1
186 186 1
298 298 1
286 286 1
15 15 1
5 5 1
242 242 1
214 214 1
46 46 1
59 59 1
396 396 1
95 95 1
166 166 1
284 284 1
481 481 1
319 319 1
498 498 1
329 329 1
263 263 1
241 241 1
45 45 1
115 115 1
366 366 1
135 135 1
444 444 1
240 240 1
352 352 1
486 486 1
277 277 1
24 24 1
31 31 1
19 19 1
71 71 1
270 270 1
398 398 1
369 369 1
451 451 1
232 232 1
143 143 1
385 385 1
266 266 1
354 354 1
426 426 1
457 457 1
125 125 1
212 212 1
318 318 1
250 250 1
424 424 1
310 310 1
148 148 1
87 87 1
477 477 1
435 435 1
400 400 1
65 65 1
66 66 1
161 161 1
4 4 1
356 356 1
460 460 1
322 322 1
27 27 1
89 89 1
288 288 1
128 128 1
462 462 1
101 101 1
312 312 1
194 194 1
127 127 1
377 377 1
73 73 1
29 29 1
271 271 1
254 254 1
96 96 1
408 408 1
213 213 1
92 92 1
445 445 1
150 150 1
94 94 1
500 500 1
133 133 1
289 289 1
28 28 1
229 229 1
429 429 1
165 165 1
394 394 1
104 104 1
159 159 1
495 495 1
436 436 1
129 129 1
156 156 1
109 109 1
120 120 1
353 353 1
17 17 1
81 81 1
485 485 1
480 480 1
478 478 1
465 465 1
34 34 1
359 359 1
295 295 1
147 147 1
441 441 1
296 296 1
454 454 1
458 458 1
245 245 1
343 343 1
3 3 1
119 119 1
425 425 1
416 416 1
36 36 1
106 106 1
193 193 1
442 442 1
123 123 1
26 26 1
471 471 1
8 8 1
205 205 1
427 427 1
333 333 1
346 346 1
315 315 1
467 467 1
182 182 1
199 199 1
164 164 1
330 330 1
256 256 1
421 421 1
362 362 1
316 316 1
234 234 1
358 358 1
32 32 1
282 282 1
479 479 1
453 453 1
401 401 1
225 225 1
459 459 1
235 235 1
74 74 1
179 179 1
238 238 1
188 188 1
305 305 1
361 361 1
468 468 1
118 118 1
324 324 1
349 349 1
167 167 1
283 283 1
469 469 1
216 216 1
83 83 1
297 297 1
163 163 1
185 185 1
449 449 1
137 137 1
49 49 1
276 276 1
97 97 1
252 252 1
134 134 1
350 350 1
91 91 1
365 365 1
50 50 1
171 171 1
406 406 1
335 335 1
142 142 1
439 439 1
221 221 1
291 291 1
69 69 1
176 176 1
12 12 1
420 420 1
246 246 1
375 375 1
209 209 1
287 287 1
446 446 1
414 414 1
41 41 1
269 269 1
461 461 1
60 60 1
124 124 1
347 347 1
293 293 1
493 493 1
75 75 1
402 402 1
189 189 1
197 197 1
494 494 1
327 327 1
63 63 1
58 58 1
1 1 1
290 290 1
337 337 1
21 21 1
448 448 1
215 215 1
364 364 1
220 220 1
447 447 1
219 219 1
224 224 1
39 39 1
413 413 1
259 259 1
112 112 1
255 255 1
210 210 1
341 341 1
140 140 1
380 380 1
466 466 1
393 393 1
40 40 1
67 67 1
178 178 1
187 187 1
328 328 1
72 72 1
431 431 1
175 175 1
190 190 1
306 306 1
223 223 1
154 154 1
218 218 1
257 257 1
339 339 1
411 411 1
450 450 1
52 52 1
473 473 1
14 14 1
160 160 1
452 452 1
173 173 1
278 278 1
169 169 1
170 170 1
84 84 1
43 43 1
483 483 1
107 107 1
325 325 1
490 490 1
412 412 1
158 158 1
153 153 1
374 374 1
285 285 1
499 499 1
392 392 1
162 162 1
275 275 1
7 7 1
492 492 1
53 53 1
230 230 1
299 299 1
491 491 1
23 23 1
372 372 1
373 373 1
253 253 1
302 302 1
98 98 1
130 130 1
183 183 1
475 475 1
105 105 1
409 409 1
44 44 1
35 35 1
440 440 1
260 260 1
340 340 1
206 206 1
272 272 1
320 320 1
382 382 1
360 360 1
280 280 1
47 47 1
370 370 1
10 10 1
103 103 1
407 407 1
85 85 1
172 172 1
88 88 1
121 121 1
432 432 1
497 497 1
307 307 1
16 16 1
472 472 1
274 274 1
13 13 1
146 146 1
476 476 1
387 387 1
247 247 1
18 18 1
236 236 1
405 405 1
418 418 1
384 384 1
368 368 1
338 338 1
397 397 1
139 139 1
117 117 1
211 211 1
308 308 1
332 332 1
419 419 1
55 55 1
110 110 1
482 482 1
388 388 1
334 334 1
303 303 1
152 152 1
70 70 1
114 114 1
233 233 1
309 309 1
155 155 1
48 48 1
379 379 1
9 9 1
321 321 1
423 423 1
487 487 1
198 198 1
381 381 1
132 132 1
314 314 1
20 20 1
184 184 1
433 433 1
227 227 1
145 145 1
208 208 1
80 80 1
367 367 1
207 207 1
404 404 1
304 304 1
168 168 1
126 126 1
437 437 1
357 357 1
323 323 1
268 268 1
138 138 1
90 90 1
203 203 1
348 348 1
68 68 1
180 180 1
258 258 1
30 30 1
311 311 1
428 428 1
273 273 1
264 264 1
93 93 1
399 399 1
141 141 1
144 144 1
22 22 1
488 488 1
