200 19
1000000000 62076673 163946075 249619919 993524813 1082429 875 32549 34 39770918 378 31844657 942589272 161549694 129027945 946 936726606 52644466 78642 2076566 43103609 411548065 59542 968872869 225158 388495948 10874 6757 274998796 230290485 248759441 59594 9657 68190017 85000389 103483115 132290848 12572 168366386 652192733 83229 23719971 139154 965025167 751782870 15053201 163482259 40859313 1159 235073088 485 48570118 548571474 85469782 762451442 270609893 68918265 11168 1 265672443 7724 148167735 953549587 958624103 708686726 761172531 748917441 186 458287746 43092913 5189 2413493 386 378900 124659068 18654004 1 2950003 704562139 119568373 947516056 258306795 4109021 134727897 487 2385721 55 126847025 276584730 15 6998490 47359051 40323965 234321080 718280219 860622099 5835 265330483 364881785 458199487 50366728 10297816 728257441 59071296 57842137 862935766 52418909 81874169 16579 541020919 171840466 140273992 993840494 732461041 16 962806454 651850213 15863 10976 999167490 77309871 7 30084 856069093 265762 109468141 3650301 952863340 171719875 11 286059793 96471861 44464037 951761640 457672115 50381760 125908054 6579236 18944 75924378 465248241 152906 259614327 41276231 23 244481337 699328334 998165131 702805296 101597760 63883076 650362933 11 544750049 982262071 942408362 1591 78188764 314 250568692 97943179 741862243 977720623 95341544 66750573 252253047 958404901 77700568 145783280 6145 139897469 3708469 166931 785 990922894 36388650 7064242 92343 62329882 28308 155453199 951198430 14 244667939 89819673 2062031 154461081 59152327 173182137 749772606 317 137553403 34908 69882644 49238645 118471302 6748682 701053451 29391752 2
1000000000 62076673 163946075 249619919 993524813 1082429 875 32549 34 39770918 378 31844657 942589272 161549694 129027945 946 936726606 52644466 78642 2076566 43103609 411548065 59542 968872869 225158 388495948 10874 6757 274998796 230290485 248759441 59594 9657 68190017 85000389 103483115 132290848 12572 168366386 652192733 83229 23719971 139154 965025167 751782870 15053201 163482259 40859313 1159 235073088 485 48570118 548571474 85469782 762451442 270609893 68918265 11168 1 265672443 7724 148167735 953549587 958624103 708686726 761172531 748917441 186 458287746 43092913 5189 2413493 386 378900 124659068 18654004 1 2950003 704562139 119568373 947516056 258306795 4109021 134727897 487 2385721 55 126847025 276584730 15 6998490 47359051 40323965 234321080 718280219 860622099 5835 265330483 364881785 458199487 50366728 10297816 728257441 59071296 57842137 862935766 52418909 81874169 16579 541020919 171840466 140273992 993840494 732461041 16 962806454 651850213 15863 10976 999167490 77309871 7 30084 856069093 265762 109468141 3650301 952863340 171719875 11 286059793 96471861 44464037 951761640 457672115 50381760 125908054 6579236 18944 75924378 465248241 152906 259614327 41276231 23 244481337 699328334 998165131 702805296 101597760 63883076 650362933 11 544750049 982262071 942408362 1591 78188764 314 250568692 97943179 741862243 977720623 95341544 66750573 252253047 958404901 77700568 145783280 6145 139897469 3708469 166931 785 990922894 36388650 7064242 92343 62329882 28308 155453199 951198430 14 244667939 89819673 2062031 154461081 59152327 173182137 749772606 317 137553403 34908 69882644 49238645 118471302 6748682 701053451 29391752 2
60 29
145 87
103 114
68 90
157 33
132 164
165 179
100 135
14 181
59 77
74 43
176 48
14 3
188 107
109 193
25 178
101 195
33 109
100 69
26 171
10 93
21 52
1 5
173 23
187 47
65 79
197 91
136 171
143 98
18 78
184 50
186 20
30 85
38 58
102 141
45 49
95 103
76 46
67 190
189 39
80 75
105 52
155 163
117 152
120 1
96 124
120 22
29 89
144 21
136 133
111 129
90 130
119 28
125 142
27 180
189 110
48 92
54 168
191 73
114 162
37 75
35 185
134 63
27 170
61 58
162 67
141 1
121 140
161 185
196 80
112 30
135 56
31 146
79 149
42 76
54 164
159 28
125 173
195 104
19 41
88 137
82 4
15 84
89 131
45 121
15 88
41 43
155 175
24 116
147 198
94 51
70 21
194 165
132 150
84 192
20 102
165 151
25 86
108 68
83 123
122 183
123 118
168 57
24 163
192 146
157 108
181 62
17 13
99 150
37 112
160 166
42 199
166 143
12 1
2 177
152 69
85 50
55 124
83 177
9 115
74 72
62 169
128 167
10 40
8 180
98 56
66 55
142 32
6 125
182 156
194 140
71 7
167 116
49 35
59 122
154 53
149 111
44 64
6 186
156 131
199 176
87 159
175 1
183 115
4 31
57 34
174 94
11 16
64 63
60 82
172 40
38 139
193 178
105 101
170 16
93 133
44 148
26 113
2 34
95 65
196 126
23 139
2 188
22 36
72 78
97 61
99 1
104 151
117 12
154 110
161 36
138 46
91 147
47 129
3 39
134 182
113 1
81 13
86 172
51 73
127 138
97 71
153 145
198 149
1 148
9 11
8 32
81 128
119 118
158 190
7 174
5 106
106 96
17 53
107 92
18 179
184 160
158 66
153 200
