200 17
261729966 444762934 35712316 293793516 160791722 186104276 139659561 94020279 252509614 394930161 435836075 153484243 211709820 138178136 265078775 9408030 260600394 287125968 295792992 86839412 391953482 178782611 148717420 339403401 336979173 386411751 364502800 274620857 55548388 76620126 240536603 60264732 391118165 218376807 167325799 101370888 415212311 310474729 219390866 129475842 132174704 309449678 17183525 430538858 50066446 140446596 394423216 251800719 238773311 77386683 9193111 429408858 419774186 10599327 45284005 71585871 307651563 64093566 307134223 77279919 184469294 36704871 160233652 154982190 263665110 303697715 155925216 133797807 415575500 119319759 121262514 177037499 262353095 276394884 120335093 433347968 100740524 188977789 410184766 94066464 215579090 343916831 140543274 232342059 421482833 77686906 137977379 247706301 133104765 66922731 25280031 270581456 43067761 244927240 429882481 205982320 245063384 172268176 184392433 8043900 4894439 134779672 320052391 265829793 243956930 232726953 428090748 105762168 68831656 12042865 370827938 288396015 113039507 124345872 153602144 80139140 223737838 227151152 426915884 109949792 11365222 20701144 414438173 140832600 167526512 355827041 232168562 358739090 448009238 215438156 392358746 79597417 165837073 219482133 364347159 308731880 424068513 151297626 110548659 384099277 417706524 408441826 415044537 260537112 56387825 211061092 380258830 236136409 154990153 143542432 14684008 186871221 388718297 279503266 201863372 63728811 277384454 220859112 41169220 395406529 282711940 273686624 358529595 54754356 278617442 416153025 254122767 354111943 332588791 339096628 25190033 199910743 105452062 217619923 98458007 23136250 309039354 64113832 219438094 448089429 82683485 185650516 313985766 17979647 246001703 384009916 289509615 2524585 246386047 363232909 94713643 376229390 196432445 398516104 259937803 241084802 107530610 88228528 362109584 444168177
768112795 569149151 809109859 789802912 600305565 985282344 959948852 969966705 956832003 789497966 947000796 971727901 711854365 866306314 921663970 896830188 722504323 803073620 864585225 864051898 606585502 696072362 722338604 909653030 720715911 853456993 783833730 616135638 802142369 642824371 896363909 689170363 842949006 582996676 790118697 816469626 610050386 936185447 869059827 775846661 914882308 676050606 961302939 877744074 724672728 923021746 708126043 925273744 765517136 782635158 962844761 744749753 760083179 822879532 778258292 858425279 944363223 822861501 794022408 691494861 953578964 803157401 787848618 681145377 660816538 864096759 944964101 790659186 640442086 786968685 661746170 570496358 838891841 795543304 604707633 597497116 977587516 727932231 992827525 972225439 688650079 918945671 885364858 944311522 943580292 872803864 865468030 857443710 726845480 868940041 755704601 625018017 909001748 627558632 990142184 898812680 898741385 567496113 818316390 776103551 615946645 881172454 872283346 582545333 829366303 782200646 757533446 929116003 966340961 920336078 631607611 592591403 833347402 891792175 908877659 864491266 682163721 927722917 732140065 680758261 842248301 727506238 976358206 607723082 620871006 553098053 756232534 659066901 715740756 588596103 944992188 586702252 744886977 736197323 867316569 934486379 929621455 964173979 940883348 964781096 876932547 814689391 792463799 659198914 986410035 768531259 1000000000 820148778 696352498 796828674 752532063 870344224 882997213 820937373 885518041 821191027 772702628 780369468 869624497 744007238 763706494 964155465 999802501 939267903 974623968 567913657 588767694 685719661 976992814 982029585 664462206 826011303 736648108 729243070 861869947 566282162 976862847 680872803 795596460 814993372 767398667 845402835 704843167 735730197 934747087 952886849 908274806 610987118 768737288 760438274 559562034 865303857 554591074 764399860 680523712 947709207 986604722 876134571 580377321 578945741
27 35
159 160
119 95
16 6
192 21
127 110
58 158
144 70
1 165
138 103
62 1
45 36
97 184
134 5
198 159
120 200
172 25
173 153
84 156
1 161
65 77
104 156
67 9
124 132
130 145
83 167
40 153
145 51
44 84
123 118
47 20
1 17
149 85
67 5
1 23
99 185
176 56
3 98
1 150
122 97
181 139
121 105
128 39
186 180
197 26
59 18
73 80
115 148
196 56
42 109
154 199
90 183
179 34
147 187
112 80
104 200
50 42
125 45
11 152
185 2
72 171
75 89
143 63
11 96
64 53
132 148
81 51
175 75
162 31
117 162
168 169
123 178
101 142
74 125
112 14
76 114
137 150
21 37
99 133
22 60
194 28
190 46
7 131
136 113
83 188
86 42
128 180
190 191
17 166
155 7
33 140
63 77
101 64
14 68
108 91
76 27
183 186
15 32
8 165
10 195
29 146
100 143
82 135
33 89
164 26
69 96
184 43
193 140
18 52
171 93
137 32
94 54
103 136
52 118
19 4
172 29
170 187
117 107
40 30
188 48
141 102
126 49
161 178
154 167
66 55
106 131
62 12
160 24
157 82
85 142
151 146
1 121
164 168
191 106
92 187
6 12
49 59
177 10
21 30
113 181
95 182
57 196
135 115
71 57
55 36
13 60
66 197
158 90
141 107
174 72
134 120
87 179
129 119
35 177
139 163
94 111
105 169
107 87
130 129
78 81
61 192
68 93
86 31
88 79
20 41
108 8
182 54
102 138
38 34
44 189
70 166
41 69
175 74
194 39
47 92
114 122
65 37
195 126
173 91
24 9
4 111
100 176
61 73
198 199
163 16
193 116
155 133
46 13
15 28
124 98
48 1
151 2
3 9
79 38
152 195
19 127
78 144
58 53
23 22
