200 18
1 1 1 1 1 1 1 1 1 1 1 1 1 1 1 1 1 1 1 1 1 1 1 1 1 1 1 1 1 1 1 1 1 1 1 1 1 1 1 1 1 1 1 1 1 1 1 1 1 1 1 1 1 1 1 1 1 1 1 1 1 1 1 1 1 1 1 1 1 1 1 1 1 1 1 1 1 1 1 1 1 1 1 1 1 1 1 1 1 1 1 1 1 1 1 1 1 1 1 1 1 1 1 1 1 1 1 1 1 1 1 1 1 1 1 1 1 1 1 1 1 1 1 1 1 1 1 1 1 1 1 1 1 1 1 1 1 1 1 1 1 1 1 1 1 1 1 1 1 1 1 1 1 1 1 1 1 1 1 1 1 1 1 1 1 1 1 1 1 1 1 1 1 1 1 1 1 1 1 1 1 1 1 1 1 1 1 1 1 1 1 1 1 1 1 1 1 1 1 1
1000000000 1000000000 1000000000 1000000000 1000000000 1000000000 1000000000 1000000000 1000000000 1000000000 1000000000 1000000000 1000000000 1000000000 1000000000 1000000000 1000000000 1000000000 1000000000 1000000000 1000000000 1000000000 1000000000 1000000000 1000000000 1000000000 1000000000 1000000000 1000000000 1000000000 1000000000 1000000000 1000000000 1000000000 1000000000 1000000000 1000000000 1000000000 1000000000 1000000000 1000000000 1000000000 1000000000 1000000000 1000000000 1000000000 1000000000 1000000000 1000000000 1000000000 1000000000 1000000000 1000000000 1000000000 1000000000 1000000000 1000000000 1000000000 1000000000 1000000000 1000000000 1000000000 1000000000 1000000000 1000000000 1000000000 1000000000 1000000000 1000000000 1000000000 1000000000 1000000000 1000000000 1000000000 1000000000 1000000000 1000000000 1000000000 1000000000 1000000000 1000000000 1000000000 1000000000 1000000000 1000000000 1000000000 1000000000 1000000000 1000000000 1000000000 1000000000 1000000000 1000000000 1000000000 1000000000 1000000000 1000000000 1000000000 1000000000 1000000000 1000000000 1000000000 1000000000 1000000000 1000000000 1000000000 1000000000 1000000000 1000000000 1000000000 1000000000 1000000000 1000000000 1000000000 1000000000 1000000000 1000000000 1000000000 1000000000 1000000000 1000000000 1000000000 1000000000 1000000000 1000000000 1000000000 1000000000 1000000000 1000000000 1000000000 1000000000 1000000000 1000000000 1000000000 1000000000 1000000000 1000000000 1000000000 1000000000 1000000000 1000000000 1000000000 1000000000 1000000000 1000000000 1000000000 1000000000 1000000000 1000000000 1000000000 1000000000 1000000000 1000000000 1000000000 1000000000 1000000000 1000000000 1000000000 1000000000 1000000000 1000000000 1000000000 1000000000 1000000000 1000000000 1000000000 1000000000 1000000000 1000000000 1000000000 1000000000 1000000000 1000000000 1000000000 1000000000 1000000000 1000000000 1000000000 1000000000 1000000000 1000000000 1000000000 1000000000 1000000000 1000000000 1000000000 1000000000 1000000000 1000000000 1000000000 1000000000 1000000000 1000000000 1000000000 1000000000 1000000000 1000000000 1000000000 1000000000 1000000000
50 60
48 60
167 73
155 117
119 80
118 17
169 109
192 66
93 6
199 49
36 31
40 143
15 113
44 82
172 63
188 51
170 126
56 35
178 182
135 18
85 116
106 70
13 42
124 100
137 180
105 174
142 157
171 160
52 103
87 175
174 74
2 11
1 71
145 200
39 58
81 111
70 112
116 190
58 1
124 168
95 80
176 24
41 177
139 37
68 140
50 67
114 196
60 14
198 137
38 29
37 136
151 27
149 107
74 97
33 117
36 141
46 156
78 1
191 154
129 72
65 28
195 14
194 89
161 2
121 163
129 94
113 69
176 148
5 159
138 194
49 97
91 23
187 104
79 32
83 169
71 196
136 27
108 28
33 62
134 45
9 75
42 127
7 179
34 90
118 110
183 164
59 13
144 3
148 164
104 146
128 195
51 25
120 12
168 186
1 152
11 99
84 21
179 83
162 34
76 25
128 101
47 110
92 145
69 6
186 88
12 86
57 38
98 135
133 62
142 22
64 89
109 93
108 130
119 84
72 12
153 65
20 77
91 98
180 171
134 76
132 184
47 45
121 106
18 39
189 68
3 75
40 200
43 54
187 172
24 82
167 199
150 96
146 131
54 157
193 73
115 200
63 125
161 90
112 26
29 158
147 7
173 141
198 185
123 56
9 46
151 152
79 132
22 160
31 147
122 114
197 185
95 66
179 78
165 10
189 59
17 1
43 57
5 61
130 30
181 192
53 64
48 162
138 94
55 166
105 1
154 125
41 153
178 67
158 19
107 103
177 175
183 181
96 131
111 153
100 173
165 81
182 127
53 15
55 133
126 197
188 30
88 156
19 4
26 32
61 150
159 139
123 77
1 170
149 99
155 44
102 20
8 35
23 190
101 122
115 102
184 85
8 193
21 1
16 144
