80 9
252 215 46 47 289 343 194 201 73 211 8 221 290 141 85 238 56 357 250 315 336 63 84 312 189 328 279 196 41 218 169 325 234 262 140 24 338 334 234 118 300 110 49 231 89 42 68 52 125 341 230 302 302 76 89 241 341 235 297 43 20 30 291 33 221 254 287 253 190 177 356 136 21 59 180 234 330 221 96 216
512 475 511 568 798 441 492 770 700 661 698 650 501 678 559 794 798 683 620 570 568 714 616 574 460 701 687 723 522 572 535 761 800 491 485 633 514 698 474 537 450 617 617 577 443 655 612 447 610 632 800 449 604 668 729 624 760 683 575 749 800 708 623 674 722 469 640 778 713 604 572 777 610 768 783 679 710 662 630 488
77 79
77 14
1 28
58 55
7 60
71 47
51 15
1 70
40 9
52 25
75 1
32 77
45 49
55 57
63 39
38 17
53 36
50 38
11 37
58 41
49 60
62 61
5 43
52 18
73 25
50 34
1 74
45 51
17 67
71 26
6 31
44 23
7 20
23 68
47 75
33 59
21 10
79 62
3 42
40 36
29 4
69 80
39 48
54 42
12 73
53 28
2 54
56 1
61 64
3 4
27 19
41 37
34 13
8 17
22 70
69 20
1 65
30 72
65 15
27 64
19 35
30 76
57 56
5 24
12 9
35 78
74 68
72 26
14 1
24 10
22 31
76 63
66 33
16 29
59 11
16 32
21 46
6 13
44 43
